158761014;40.15752;-8.849477;-0.1544525;0.7008809
158761018;40.1555;-8.850122;-0.1544638;0.7008457
158761019;40.15524;-8.850044;-0.1544624;0.7008411
158761020;40.15451;-8.849579;-0.1544543;0.7008284
158761022;40.15392;-8.849324;-0.1544499;0.700818
158761023;40.15344;-8.848955;-0.1544434;0.7008098
158761024;40.15322;-8.848616;-0.1544375;0.7008058
190570663;40.14803;-8.851197;-0.1544825;0.7007152
190570664;40.14803;-8.851841;-0.1544938;0.7007152
190570665;40.14842;-8.85179;-0.1544929;0.7007221
190570670;40.14845;-8.855981;-0.154566;0.7007227
190573066;40.15004;-8.860921;-0.1546522;0.7007503
190573070;40.14833;-8.860901;-0.1546519;0.7007205
190573071;40.1483;-8.861227;-0.1546576;0.70072
190573074;40.14759;-8.866258;-0.1547454;0.7007076
190573075;40.14766;-8.866693;-0.154753;0.7007089
190573076;40.14783;-8.866964;-0.1547577;0.7007118
190573078;40.1483;-8.867091;-0.1547599;0.70072
190573080;40.1491;-8.866711;-0.1547533;0.700734
190573086;40.14849;-8.865018;-0.1547237;0.7007234
190573087;40.14825;-8.864389;-0.1547128;0.7007192
429884602;40.14932;-8.847942;-0.1544257;0.7007379
429884609;40.14808;-8.855912;-0.1545648;0.7007163
429884612;40.14824;-8.856709;-0.1545787;0.7007189
429884613;40.14845;-8.858497;-0.1546099;0.7007226
429884615;40.14843;-8.859104;-0.1546205;0.7007223
429884618;40.1492;-8.865587;-0.1547337;0.7007358
429884645;40.14793;-8.863691;-0.1547006;0.7007136
429884646;40.14841;-8.864793;-0.1547198;0.700722
429932398;40.14938;-8.864738;-0.1547189;0.7007388
429932404;40.14929;-8.861486;-0.1546621;0.7007373
429932415;40.14851;-8.861323;-0.1546593;0.7007238
429932421;40.14838;-8.861295;-0.1546588;0.7007214
429951211;40.16412;-8.874608;-0.1548911;0.7009962
429951224;40.16009;-8.870212;-0.1548144;0.7009258
429951227;40.15902;-8.869549;-0.1548028;0.7009072
429951231;40.15733;-8.868401;-0.1547828;0.7008777
429951233;40.15615;-8.867984;-0.1547755;0.7008571
429951244;40.14957;-8.866509;-0.1547498;0.7007422
429960730;40.15081;-8.866646;-0.1547522;0.7007638
429960764;40.15094;-8.864653;-0.1547174;0.700766
485948188;40.14937;-8.864334;-0.1547118;0.7007387
485948192;40.1482;-8.863963;-0.1547053;0.7007182
485948194;40.14936;-8.863952;-0.1547051;0.7007385
485948197;40.14933;-8.863171;-0.1546915;0.700738
530717389;40.15687;-8.85409;-0.154533;0.7008696
530717390;40.15687;-8.853964;-0.1545308;0.7008696
530717391;40.15682;-8.853898;-0.1545297;0.7008687
533988738;40.14873;-8.85356;-0.1545238;0.7007275
533995203;40.14876;-8.857768;-0.1545972;0.7007281
533995215;40.14858;-8.860255;-0.1546406;0.7007249
533995238;40.15127;-8.861888;-0.1546691;0.7007718
534151843;40.15527;-8.861604;-0.1546642;0.7008417
534151846;40.15526;-8.861786;-0.1546673;0.7008415
534151848;40.15538;-8.861485;-0.1546621;0.7008435
534151850;40.15549;-8.861937;-0.15467;0.7008455
534151851;40.15551;-8.861497;-0.1546623;0.700846
534151853;40.15535;-8.861924;-0.1546698;0.7008432
534151855;40.1556;-8.861817;-0.1546679;0.7008474
534151857;40.15561;-8.861635;-0.1546647;0.7008475
534771586;40.14843;-8.857914;-0.1545998;0.7007223
534771588;40.16334;-8.872997;-0.154863;0.7009825
534771589;40.16359;-8.873139;-0.1548655;0.7009869
534771590;40.16367;-8.873237;-0.1548672;0.7009882
534771593;40.14804;-8.853586;-0.1545242;0.7007155
534771595;40.14843;-8.85357;-0.154524;0.7007223
536763900;40.14869;-8.850306;-0.154467;0.7007269
552925927;40.14943;-8.865575;-0.1547335;0.7007397
552925938;40.15088;-8.865509;-0.1547323;0.700765
552925942;40.15204;-8.865513;-0.1547324;0.7007853
552925943;40.15272;-8.865527;-0.1547326;0.7007972
552925976;40.15596;-8.864375;-0.1547125;0.7008536
552925977;40.15625;-8.864284;-0.1547109;0.7008588
552925980;40.15648;-8.864162;-0.1547088;0.7008628
552926009;40.14854;-8.849602;-0.1544547;0.7007242
552926012;40.14976;-8.850286;-0.1544666;0.7007455
552926025;40.14974;-8.849413;-0.1544514;0.7007452
552934813;40.15213;-8.856487;-0.1545749;0.7007869
552934895;40.1487;-8.851192;-0.1544825;0.700727
552934896;40.1484;-8.850309;-0.154467;0.7007218
552934897;40.14838;-8.84987;-0.1544594;0.7007214
552967775;40.16019;-8.870287;-0.1548157;0.7009275
552967805;40.15759;-8.863453;-0.1546964;0.7008822
552967820;40.15791;-8.864243;-0.1547102;0.7008877
553017694;40.14841;-8.851195;-0.1544825;0.700722
553017695;40.15204;-8.854102;-0.1545332;0.7007853
553017696;40.15207;-8.853617;-0.1545248;0.7007858
664906317;40.14976;-8.851158;-0.1544819;0.7007455
666935057;40.14864;-8.858842;-0.154616;0.7007259
691556943;40.14961;-8.856467;-0.1545745;0.700743
693844218;40.14994;-8.864698;-0.1547182;0.7007487
693844220;40.14997;-8.865533;-0.1547327;0.7007492
693844221;40.14991;-8.863894;-0.1547041;0.7007481
693844223;40.15204;-8.864589;-0.1547163;0.7007853
693844225;40.151;-8.863868;-0.1547037;0.7007672
693844226;40.15344;-8.86591;-0.1547393;0.7008097
693844232;40.15248;-8.864569;-0.1547159;0.700793
698089579;40.14975;-8.852434;-0.1545041;0.7007453
698089588;40.1563;-8.852438;-0.1545042;0.7008597
698089589;40.15044;-8.864679;-0.1547178;0.7007573
698089613;40.15545;-8.86684;-0.1547556;0.7008447
698089615;40.15703;-8.852984;-0.1545137;0.7008724
698089616;40.14977;-8.85206;-0.1544976;0.7007456
698089618;40.15648;-8.853703;-0.1545263;0.7008627
698089620;40.14988;-8.85235;-0.1545027;0.7007475
698089629;40.15045;-8.865514;-0.1547324;0.7007576
698089630;40.15686;-8.852948;-0.1545131;0.7008694
698089632;40.15762;-8.85256;-0.1545063;0.7008827
698089644;40.15773;-8.852401;-0.1545035;0.7008846
701603970;40.15539;-8.867631;-0.1547694;0.7008438
701603998;40.15456;-8.867146;-0.1547609;0.7008293
1108837570;40.15288;-8.847883;-0.1544247;0.7008
1172734219;40.15736;-8.866203;-0.1547444;0.7008781
1172734221;40.15711;-8.866482;-0.1547493;0.7008737
1172734399;40.15818;-8.865699;-0.1547356;0.7008924
1172734492;40.15889;-8.865602;-0.154734;0.7009048
1172734578;40.15852;-8.865688;-0.1547354;0.7008985
1172734618;40.15651;-8.867929;-0.1547746;0.7008633
1172734622;40.1576;-8.865977;-0.1547405;0.7008824
1172734631;40.1567;-8.867403;-0.1547654;0.7008666
1172734656;40.15679;-8.867115;-0.1547603;0.7008682
1172734659;40.15788;-8.865817;-0.1547377;0.7008872
1172734707;40.15693;-8.86675;-0.154754;0.7008706
1172734761;40.15874;-8.865685;-0.1547354;0.7009022
1236606771;40.1504;-8.862718;-0.1546836;0.7007567
1236606773;40.15141;-8.863532;-0.1546978;0.7007743
1236606774;40.15541;-8.867206;-0.1547619;0.7008441
1236606775;40.15644;-8.865178;-0.1547265;0.7008622
1236606777;40.14986;-8.861609;-0.1546642;0.7007472
1236606784;40.15621;-8.865816;-0.1547377;0.7008581
1236606785;40.15635;-8.86572;-0.154736;0.7008605
1236606788;40.1552;-8.867441;-0.154766;0.7008404
1236606789;40.15544;-8.867611;-0.154769;0.7008446
1236606790;40.15526;-8.867246;-0.1547626;0.7008415
1236606799;40.15815;-8.86452;-0.1547151;0.7008919
1236606800;40.15551;-8.867521;-0.1547674;0.7008458
1236606801;40.15536;-8.867196;-0.1547618;0.7008432
1236606803;40.15529;-8.867612;-0.154769;0.7008421
1236606805;40.15102;-8.863666;-0.1547001;0.7007675
1236606807;40.15548;-8.867574;-0.1547684;0.7008453
1236606809;40.15087;-8.862368;-0.1546775;0.7007648
1236606814;40.15065;-8.862662;-0.1546826;0.700761
1236606815;40.15553;-8.865726;-0.1547361;0.7008461
1236606816;40.14876;-8.857357;-0.15459;0.700728
1236606817;40.1552;-8.867369;-0.1547648;0.7008405
1236606819;40.15522;-8.867301;-0.1547636;0.7008408
1236606823;40.15553;-8.867459;-0.1547664;0.7008461
1236606825;40.1487;-8.849442;-0.1544519;0.700727
1236606827;40.15042;-8.863901;-0.1547043;0.7007571
1236606828;40.15553;-8.867393;-0.1547652;0.7008462
1236606829;40.15629;-8.865789;-0.1547372;0.7008594
1236606830;40.1553;-8.867209;-0.154762;0.7008423
1236606831;40.15638;-8.86527;-0.1547281;0.700861
1236606832;40.14804;-8.867082;-0.1547598;0.7007154
1236606833;40.14914;-8.856492;-0.1545749;0.7007347
1236606834;40.14837;-8.857434;-0.1545914;0.7007213
1236606836;40.15521;-8.867511;-0.1547673;0.7008407
1236606837;40.15057;-8.862689;-0.1546831;0.7007596
1236606838;40.15677;-8.865409;-0.1547306;0.7008678
1236606839;40.14989;-8.86274;-0.154684;0.7007478
1236606840;40.15549;-8.867272;-0.1547631;0.7008455
1236606841;40.1516;-8.863314;-0.154694;0.7007777
1236615616;40.15934;-8.867849;-0.1547732;0.7009127
1236615631;40.15728;-8.867737;-0.1547712;0.7008768
1236615638;40.15852;-8.867667;-0.15477;0.7008985
1236615645;40.15422;-8.864896;-0.1547216;0.7008234
1236615647;40.16026;-8.867656;-0.1547698;0.7009287
1236615649;40.15899;-8.867721;-0.1547709;0.7009066
1236615652;40.15993;-8.868258;-0.1547803;0.700923
1236615661;40.16006;-8.868216;-0.1547796;0.7009253
1236615671;40.15421;-8.86449;-0.1547145;0.7008232
1236615685;40.15104;-8.862501;-0.1546798;0.7007678
1236615689;40.16055;-8.867394;-0.1547652;0.7009338
1236615691;40.15546;-8.866625;-0.1547518;0.700845
1236615692;40.15462;-8.865602;-0.1547339;0.7008303
1236615693;40.14974;-8.84813;-0.154429;0.7007452
1236615704;40.15065;-8.862147;-0.1546737;0.7007611
1236615708;40.15055;-8.861992;-0.1546709;0.7007594
1236615716;40.15436;-8.865245;-0.1547277;0.7008258
1236615719;40.15049;-8.861774;-0.1546671;0.7007582
1236615731;40.15789;-8.867673;-0.1547701;0.7008875
1236615732;40.15426;-8.865055;-0.1547244;0.7008241
1236615734;40.15965;-8.868037;-0.1547765;0.700918
1237230242;40.15164;-8.862572;-0.1546811;0.7007784
1237230245;40.15494;-8.852877;-0.1545118;0.7008359
1237230265;40.15158;-8.862568;-0.154681;0.7007774
1237230337;40.15461;-8.863022;-0.1546889;0.7008301
1237230344;40.15507;-8.864435;-0.1547136;0.7008381
1237230407;40.15157;-8.86262;-0.1546819;0.7007771
1237230461;40.15165;-8.86263;-0.1546821;0.7007785
1237230473;40.1516;-8.862668;-0.1546827;0.7007777
1237230603;40.15384;-8.863364;-0.1546949;0.7008168
1237230643;40.15284;-8.863041;-0.1546893;0.7007993
1237518330;40.16439;-8.874995;-0.1548979;0.7010009
1237703783;40.15104;-8.848784;-0.1544404;0.7007679
1237703786;40.15765;-8.85156;-0.1544889;0.7008832
1237703788;40.14973;-8.84882;-0.154441;0.700745
1237703831;40.15677;-8.849372;-0.1544507;0.7008679
1237703838;40.15064;-8.84813;-0.154429;0.7007609
1237703863;40.15366;-8.849168;-0.1544471;0.7008135
1237703868;40.15668;-8.849418;-0.1544515;0.7008663
1237703882;40.15256;-8.847233;-0.1544133;0.7007943
1237703910;40.1558;-8.850111;-0.1544636;0.7008508
1237703918;40.15104;-8.849399;-0.1544511;0.7007678
1237703920;40.15667;-8.849657;-0.1544556;0.7008662
1237703921;40.15689;-8.849612;-0.1544549;0.7008699
1237703926;40.15672;-8.849696;-0.1544563;0.7008669
1237703946;40.15665;-8.849601;-0.1544547;0.7008657
1237703949;40.15676;-8.849711;-0.1544566;0.7008678
1237703961;40.15682;-8.849387;-0.1544509;0.7008688
1237703963;40.15104;-8.84857;-0.1544367;0.7007678
1237703981;40.15689;-8.849483;-0.1544526;0.70087
1237703982;40.15081;-8.848237;-0.1544309;0.7007639
1237704000;40.15096;-8.848398;-0.1544337;0.7007664
1237704005;40.14888;-8.848841;-0.1544414;0.7007301
1237704016;40.15686;-8.849426;-0.1544516;0.7008695
1237704042;40.1569;-8.849547;-0.1544537;0.7008701
1237704055;40.15611;-8.849977;-0.1544612;0.7008563
1237704064;40.15664;-8.849536;-0.1544535;0.7008656
1237704075;40.15106;-8.850266;-0.1544663;0.7007682
1237704077;40.15681;-8.8497;-0.1544564;0.7008686
1237704082;40.15047;-8.848108;-0.1544286;0.7007579
1237715087;40.1516;-8.862558;-0.1546808;0.7007775
1237715088;40.15159;-8.862661;-0.1546826;0.7007774
1237715090;40.15162;-8.862668;-0.1546827;0.7007779
1237715097;40.15165;-8.862607;-0.1546817;0.7007785
1237715099;40.15157;-8.862632;-0.1546821;0.7007771
1237715103;40.15158;-8.862649;-0.1546824;0.7007772
1237715105;40.15165;-8.862588;-0.1546813;0.7007785
1237715106;40.15157;-8.862582;-0.1546812;0.7007772
1237715108;40.15163;-8.862559;-0.1546808;0.7007781
1237715110;40.15165;-8.862647;-0.1546824;0.7007784
1237715115;40.15163;-8.86266;-0.1546826;0.7007782
1237715116;40.15157;-8.8626;-0.1546816;0.7007771
1237715117;40.15161;-8.862556;-0.1546808;0.7007778
1237761145;40.14932;-8.862769;-0.1546845;0.7007379
1237761265;40.1483;-8.862733;-0.1546839;0.70072
1237826149;40.1535;-8.865197;-0.1547269;0.7008107
1237826264;40.15402;-8.865593;-0.1547338;0.7008199
1237826470;40.15374;-8.864849;-0.1547208;0.700815
1237826481;40.15348;-8.864523;-0.1547151;0.7008104
1237826529;40.1539;-8.864834;-0.1547205;0.7008177
1237869448;40.15472;-8.851532;-0.1544884;0.700832
1237869661;40.15721;-8.852917;-0.1545125;0.7008755
1237869773;40.15446;-8.85203;-0.1544971;0.7008275
1237869819;40.15457;-8.851734;-0.1544919;0.7008295
1238130072;40.15545;-8.861473;-0.1546619;0.7008447
1238130076;40.15557;-8.861554;-0.1546633;0.7008469
1238130078;40.15532;-8.86153;-0.1546629;0.7008424
1238130083;40.15542;-8.861948;-0.1546702;0.7008443
1238130104;40.15562;-8.861727;-0.1546663;0.7008477
1238130106;40.15555;-8.861891;-0.1546692;0.7008466
1238130109;40.1553;-8.861867;-0.1546688;0.7008421
1238130112;40.15525;-8.861693;-0.1546657;0.7008414
1238130613;40.15527;-8.863059;-0.1546896;0.7008417
1238440299;40.15771;-8.849544;-0.1544537;0.7008843
1238440326;40.15767;-8.84929;-0.1544492;0.7008835
1238440336;40.15759;-8.849504;-0.154453;0.7008822
1238440355;40.15702;-8.849519;-0.1544532;0.7008723
1238458503;40.15702;-8.84944;-0.1544519;0.7008723
1238458505;40.15751;-8.849385;-0.1544509;0.7008807
1238508819;40.1541;-8.854804;-0.1545455;0.7008212
1238508820;40.15465;-8.855908;-0.1545648;0.7008308
1238508822;40.15464;-8.85532;-0.1545545;0.7008307
1238508824;40.15585;-8.854899;-0.1545472;0.7008518
1238508834;40.14938;-8.847755;-0.1544225;0.7007389
1238508837;40.15462;-8.855726;-0.1545616;0.7008304
1238508844;40.1547;-8.854881;-0.1545468;0.7008318
1238508850;40.14924;-8.847692;-0.1544213;0.7007364
1238510257;40.15356;-8.865491;-0.154732;0.7008117
1238510260;40.15579;-8.867489;-0.1547669;0.7008508
1238946120;40.15436;-8.852547;-0.1545061;0.7008258
1238950288;40.15717;-8.845574;-0.1543844;0.7008747
1238950293;40.15712;-8.845449;-0.1543822;0.700874
1238950304;40.15734;-8.845986;-0.1543916;0.7008777
1238953130;40.15721;-8.846819;-0.1544061;0.7008755
1239670897;40.15484;-8.867306;-0.1547637;0.7008342
1240531313;40.14909;-8.865561;-0.1547332;0.7007337
1240531319;40.15441;-8.863083;-0.15469;0.7008266
1240531323;40.15366;-8.863358;-0.1546948;0.7008135
1240531334;40.14893;-8.862998;-0.1546885;0.700731
1240531341;40.15404;-8.863296;-0.1546937;0.7008202
1240531343;40.14897;-8.863972;-0.1547055;0.7007317
1240534784;40.16033;-8.870436;-0.1548183;0.7009299
1240534800;40.16;-8.868265;-0.1547804;0.7009242
1240534836;40.15997;-8.870128;-0.1548129;0.7009237
1240542141;40.16372;-8.873369;-0.1548695;0.7009891
1240542144;40.16267;-8.872657;-0.1548571;0.7009708
1240542152;40.16349;-8.873068;-0.1548643;0.7009851
1311398320;40.15151;-8.864035;-0.1547066;0.7007761
1312491225;40.14999;-8.86035;-0.1546423;0.7007495
1312491226;40.14968;-8.859811;-0.1546329;0.7007442
1312491235;40.14985;-8.859721;-0.1546313;0.7007471
1312491236;40.14995;-8.860013;-0.1546364;0.7007489
1312491237;40.15022;-8.860618;-0.1546469;0.7007535
1312528675;40.15577;-8.852682;-0.1545085;0.7008504
1312528679;40.15602;-8.852448;-0.1545044;0.7008548
1312528696;40.15615;-8.85239;-0.1545034;0.700857
1312528697;40.1492;-8.852826;-0.154511;0.7007357
1312528698;40.15566;-8.852719;-0.1545091;0.7008485
1312528699;40.15671;-8.852832;-0.1545111;0.7008668
1312528700;40.14919;-8.848192;-0.1544301;0.7007356
1312528720;40.15539;-8.852715;-0.154509;0.7008438
1312528722;40.15505;-8.852783;-0.1545102;0.7008379
1312528741;40.15246;-8.847473;-0.1544175;0.7007926
1312528743;40.15656;-8.852577;-0.1545066;0.7008641
1312528747;40.14902;-8.852975;-0.1545136;0.7007326
1323147267;40.15051;-8.866619;-0.1547517;0.7007586
1355501159;40.15348;-8.848895;-0.1544424;0.7008105
1355501163;40.15281;-8.847637;-0.1544204;0.7007988
1355501167;40.1565;-8.84968;-0.154456;0.7008632
1355501169;40.15394;-8.849247;-0.1544485;0.7008184
1355501180;40.15266;-8.847477;-0.1544176;0.7007962
1355501181;40.15327;-8.848567;-0.1544366;0.7008067
1355501197;40.15277;-8.847694;-0.1544214;0.700798
1355501203;40.15453;-8.849503;-0.1544529;0.7008287
1355501214;40.15578;-8.850029;-0.1544621;0.7008507
1355501217;40.15551;-8.850039;-0.1544623;0.7008458
1355501226;40.15608;-8.849902;-0.1544599;0.7008558
1355501246;40.15526;-8.849966;-0.154461;0.7008415
1355501251;40.15369;-8.849097;-0.1544459;0.7008141
1355501253;40.15294;-8.847836;-0.1544239;0.7008009
1364714718;40.14832;-8.849481;-0.1544526;0.7007204
1365397652;40.14994;-8.860876;-0.1546515;0.7007487
1576580330;40.14827;-8.849463;-0.1544523;0.7007195
1576580331;40.148;-8.848672;-0.1544385;0.7007148
1576580332;40.14824;-8.848642;-0.1544379;0.700719
1576580333;40.14827;-8.849051;-0.1544451;0.7007195
1576580335;40.14826;-8.848749;-0.1544398;0.7007194
1576596388;40.15057;-8.861828;-0.1546681;0.7007597
1576596390;40.15042;-8.861731;-0.1546664;0.700757
1576596392;40.15051;-8.861651;-0.154665;0.7007585
1576596393;40.15054;-8.861878;-0.154669;0.7007591
1703390943;40.1528;-8.865538;-0.1547328;0.7007986
1703390945;40.15353;-8.863329;-0.1546943;0.7008113
1816549315;40.14796;-8.853987;-0.1545312;0.7007141
1848317613;40.14848;-8.849447;-0.154452;0.7007232
1848380805;40.15855;-8.856571;-0.1545763;0.7008989
1848603038;40.15868;-8.859498;-0.1546274;0.7009012
1848603039;40.15479;-8.861957;-0.1546703;0.7008333
1848603041;40.15392;-8.862128;-0.1546733;0.700818
1848603045;40.15238;-8.862163;-0.1546739;0.7007912
1848603046;40.15292;-8.862206;-0.1546747;0.7008007
1848603051;40.15554;-8.862103;-0.1546729;0.7008463
1848603056;40.15702;-8.86079;-0.15465;0.7008722
1848603057;40.15349;-8.862186;-0.1546743;0.7008106
1848603058;40.15436;-8.862052;-0.154672;0.7008258
1848603066;40.15184;-8.86206;-0.1546721;0.7007818
1848603067;40.15095;-8.861834;-0.1546682;0.7007663
1848611358;40.15249;-8.864382;-0.1547126;0.7007932
1848611361;40.15292;-8.862603;-0.1546816;0.7008006
1848611364;40.15274;-8.858227;-0.1546052;0.7007976
1848611366;40.15526;-8.855796;-0.1545628;0.7008415
1848611368;40.15046;-8.859643;-0.1546299;0.7007576
1848611370;40.15031;-8.859693;-0.1546308;0.7007551
1848611371;40.15557;-8.855668;-0.1545606;0.7008469
1848611373;40.15506;-8.855947;-0.1545654;0.7008379
1848611376;40.15564;-8.864313;-0.1547115;0.7008482
1848611378;40.15293;-8.862451;-0.1546789;0.7008008
1848611381;40.15459;-8.85636;-0.1545727;0.7008298
1848611382;40.15396;-8.856979;-0.1545835;0.7008188
1848611385;40.15731;-8.855056;-0.1545499;0.7008772
1848611387;40.15502;-8.863045;-0.1546893;0.7008373
1848611388;40.15591;-8.855541;-0.1545583;0.7008528
1848611392;40.15546;-8.862091;-0.1546727;0.700845
1848611393;40.15473;-8.85622;-0.1545702;0.7008323
1848611395;40.15287;-8.858104;-0.1546031;0.7007999
1848611396;40.15356;-8.857384;-0.1545905;0.7008119
1848611405;40.15146;-8.859114;-0.1546207;0.7007751
1848611407;40.15556;-8.864307;-0.1547114;0.7008467
1848611408;40.15789;-8.854847;-0.1545462;0.7008875
1848611409;40.1556;-8.86261;-0.1546817;0.7008474
1848611410;40.15186;-8.858844;-0.154616;0.7007821
1848611411;40.15552;-8.862604;-0.1546816;0.7008461
1848614235;40.15377;-8.857301;-0.1545891;0.7008155
1848614237;40.15382;-8.857116;-0.1545858;0.7008165
1848614239;40.15453;-8.858775;-0.1546148;0.7008288
1848614243;40.15532;-8.861262;-0.1546582;0.7008424
1848614245;40.15491;-8.859546;-0.1546282;0.7008353
1848614247;40.15539;-8.861244;-0.1546579;0.7008438
1848614255;40.15513;-8.859966;-0.1546356;0.7008393
1848614256;40.15376;-8.857171;-0.1545868;0.7008153
1848614259;40.15506;-8.859977;-0.1546358;0.7008381
1848614260;40.1546;-8.858705;-0.1546136;0.7008299
1848614261;40.15384;-8.857261;-0.1545884;0.7008168
1848614262;40.15496;-8.85943;-0.1546262;0.7008364
1848622844;40.15115;-8.856988;-0.1545836;0.7007698
1848622848;40.15666;-8.85472;-0.154544;0.700866
1848622850;40.15248;-8.856635;-0.1545774;0.700793
1848622853;40.15417;-8.853825;-0.1545284;0.7008225
1848622856;40.154;-8.855793;-0.1545627;0.7008195
1848622863;40.1522;-8.856559;-0.1545761;0.7007881
1848622867;40.15371;-8.856823;-0.1545807;0.7008144
1848622868;40.15264;-8.856866;-0.1545815;0.7007957
1848622884;40.15398;-8.856013;-0.1545666;0.7008191
1848622890;40.14962;-8.857199;-0.1545873;0.7007431
1848622892;40.15234;-8.856542;-0.1545758;0.7007905
1848622896;40.15176;-8.856759;-0.1545796;0.7007804
1848622899;40.15468;-8.853669;-0.1545257;0.7008314
1848622901;40.15419;-8.856756;-0.1545796;0.7008228
1848622905;40.15275;-8.856985;-0.1545836;0.7007977
1848622907;40.15401;-8.856787;-0.1545801;0.7008197
1848622910;40.15595;-8.854329;-0.1545372;0.7008536
1848622913;40.1543;-8.852883;-0.154512;0.7008248
1848622915;40.15421;-8.85358;-0.1545241;0.7008231
1848622916;40.1549;-8.853745;-0.154527;0.7008352
1848622917;40.15572;-8.854202;-0.154535;0.7008495
1848622918;40.15389;-8.856789;-0.1545801;0.7008176
1848622919;40.15285;-8.857027;-0.1545843;0.7007994
1848629646;40.15685;-8.857833;-0.1545984;0.7008693
1848629648;40.15564;-8.857005;-0.1545839;0.7008482
1848629650;40.15692;-8.856499;-0.1545751;0.7008705
1848629670;40.15499;-8.85682;-0.1545807;0.7008368
1848629674;40.1565;-8.858044;-0.154602;0.7008632
1848629678;40.15787;-8.856931;-0.1545826;0.7008871
1848629679;40.1543;-8.855963;-0.1545657;0.7008247
1848629680;40.15719;-8.857545;-0.1545933;0.7008752
1848629689;40.15607;-8.856821;-0.1545807;0.7008557
1848629695;40.15484;-8.856641;-0.1545775;0.7008342
1848629708;40.15758;-8.857183;-0.154587;0.700882
1848629711;40.15825;-8.856714;-0.1545788;0.7008938
1848656357;40.15726;-8.86862;-0.1547866;0.7008764
1848794794;40.148;-8.849335;-0.15445;0.7007148
1848794877;40.14818;-8.863843;-0.1547032;0.700718
1848794927;40.14828;-8.861948;-0.1546702;0.7007198
1848794991;40.14841;-8.850122;-0.1544638;0.700722
1848795010;40.14844;-8.860763;-0.1546495;0.7007225
1848795071;40.14847;-8.860211;-0.1546399;0.7007231
1848795074;40.14847;-8.859842;-0.1546334;0.7007231
1848795127;40.14854;-8.849399;-0.1544511;0.7007242
1848795187;40.14862;-8.858966;-0.1546181;0.7007256
1848795219;40.14865;-8.849341;-0.1544501;0.7007262
1848795380;40.1492;-8.847942;-0.1544257;0.7007357
1848795385;40.14942;-8.866475;-0.1547492;0.7007396
1848795394;40.14991;-8.860231;-0.1546402;0.7007481
1848795398;40.15;-8.861028;-0.1546541;0.7007497
1848795458;40.15106;-8.856462;-0.1545744;0.7007682
1848795574;40.15261;-8.84753;-0.1544185;0.7007954
1848795626;40.1536;-8.864973;-0.154723;0.7008125
1848795654;40.15378;-8.865671;-0.1547351;0.7008157
1848795660;40.15382;-8.864531;-0.1547152;0.7008164
1848795668;40.15391;-8.865678;-0.1547353;0.7008179
1848795692;40.1541;-8.864941;-0.1547224;0.7008212
1848795701;40.15427;-8.86533;-0.1547292;0.7008243
1848795746;40.15514;-8.861836;-0.1546682;0.7008395
1848795774;40.15561;-8.864426;-0.1547134;0.7008476
1848795779;40.15572;-8.861563;-0.1546634;0.7008496
1848795900;40.15626;-8.852745;-0.1545095;0.700859
1848795907;40.15632;-8.852948;-0.1545131;0.70086
1848795921;40.15652;-8.853234;-0.1545181;0.7008634
1848795922;40.15655;-8.853445;-0.1545218;0.700864
1848795935;40.15665;-8.849471;-0.1544524;0.7008657
1848795939;40.15672;-8.849382;-0.1544509;0.7008671
1848795941;40.1568;-8.84919;-0.1544475;0.7008683
1848795945;40.15684;-8.849922;-0.1544603;0.700869
1848795947;40.15686;-8.849666;-0.1544558;0.7008694
1848795949;40.15686;-8.849049;-0.154445;0.7008695
1848795952;40.15695;-8.847926;-0.1544254;0.7008711
1848795963;40.15703;-8.848257;-0.1544312;0.7008724
1848795965;40.15704;-8.848401;-0.1544337;0.7008725
1848795972;40.15726;-8.84569;-0.1543864;0.7008765
1848795993;40.15733;-8.845847;-0.1543892;0.7008775
1848796028;40.15771;-8.868944;-0.1547923;0.7008843
1848796045;40.15775;-8.851876;-0.1544944;0.7008849
1848796047;40.15777;-8.852192;-0.1544999;0.7008854
1848796075;40.15818;-8.86898;-0.1547929;0.7008925
1848796164;40.15953;-8.869884;-0.1548087;0.7009161
1848796173;40.1596;-8.858752;-0.1546144;0.7009173
1848796211;40.15995;-8.870118;-0.1548128;0.7009234
1848796526;40.16375;-8.873476;-0.1548714;0.7009897
1848796576;40.16432;-8.874947;-0.154897;0.7009996
1873677553;40.15511;-8.851016;-0.1544794;0.7008389
1873677554;40.15031;-8.855512;-0.1545578;0.7007552
1873677555;40.15507;-8.850163;-0.1544645;0.7008381
1873677556;40.14939;-8.857899;-0.1545995;0.7007391
1873677557;40.14917;-8.852738;-0.1545094;0.7007352
1873677558;40.15147;-8.854847;-0.1545462;0.7007753
1873677561;40.152;-8.850261;-0.1544662;0.7007846
1873677563;40.14973;-8.853415;-0.1545212;0.700745
1873677565;40.15771;-8.85176;-0.1544923;0.7008843
1873677567;40.15216;-8.852926;-0.1545127;0.7007875
1873677569;40.14966;-8.855522;-0.154558;0.7007437
1873677571;40.15077;-8.855132;-0.1545512;0.7007631
1873677573;40.14974;-8.852798;-0.1545105;0.7007452
1873677575;40.14874;-8.85792;-0.1545999;0.7007278
1873677577;40.15306;-8.853848;-0.1545288;0.7008032
1873677579;40.15052;-8.8557;-0.1545611;0.7007587
1873677581;40.15582;-8.850593;-0.154472;0.7008512
1873677583;40.15207;-8.854621;-0.1545423;0.7007859
1873677590;40.15131;-8.857974;-0.1546008;0.7007725
1873677591;40.15741;-8.854257;-0.1545359;0.7008791
1873677592;40.15268;-8.856312;-0.1545718;0.7007965
1873677593;40.14981;-8.858264;-0.1546059;0.7007463
1873677594;40.15678;-8.85073;-0.1544744;0.700868
1873677595;40.14803;-8.851806;-0.1544932;0.7007152
1873677597;40.15337;-8.857271;-0.1545886;0.7008085
1873677599;40.14978;-8.857733;-0.1545966;0.7007458
1873677601;40.1566;-8.850784;-0.1544753;0.7008649
1873677603;40.14948;-8.857947;-0.1546004;0.7007405
1873677604;40.15142;-8.854299;-0.1545367;0.7007745
1873677606;40.15065;-8.859315;-0.1546242;0.700761
1873677610;40.15001;-8.858242;-0.1546055;0.7007498
1873677612;40.15072;-8.858205;-0.1546048;0.7007622
1873677614;40.15633;-8.851516;-0.1544881;0.7008601
1873677616;40.15665;-8.851875;-0.1544944;0.7008659
1873677618;40.14989;-8.8582;-0.1546048;0.7007477
1873677620;40.15044;-8.855244;-0.1545532;0.7007574
1873677629;40.15002;-8.858559;-0.154611;0.7007501
1873677630;40.15073;-8.851852;-0.154494;0.7007625
1873677631;40.15125;-8.857604;-0.1545943;0.7007716
1873677632;40.14987;-8.858054;-0.1546022;0.7007474
1873677633;40.15081;-8.852582;-0.1545067;0.7007638
1873677634;40.15598;-8.850587;-0.1544719;0.700854
1873677635;40.15007;-8.858816;-0.1546155;0.7007508
1873677636;40.1571;-8.850457;-0.1544696;0.7008736
1873677637;40.15276;-8.857117;-0.1545859;0.7007979
1873677639;40.15279;-8.857524;-0.154593;0.7007985
1873677641;40.15401;-8.853924;-0.1545301;0.7008197
1873677643;40.152;-8.857818;-0.1545981;0.7007846
1873677645;40.14977;-8.858715;-0.1546137;0.7007456
1873677647;40.15025;-8.855587;-0.1545592;0.700754
1873677649;40.14955;-8.855785;-0.1545626;0.7007418
1873677651;40.15123;-8.851558;-0.1544888;0.7007712
1873677653;40.15598;-8.856074;-0.1545677;0.700854
1873677655;40.14801;-8.850325;-0.1544673;0.700715
1873677657;40.15014;-8.8543;-0.1545367;0.7007521
1873677659;40.15291;-8.852797;-0.1545105;0.7008005
1873677669;40.14876;-8.857631;-0.1545948;0.700728
1873677670;40.15059;-8.858242;-0.1546055;0.7007601
1873677671;40.15214;-8.855549;-0.1545585;0.700787
1873677672;40.15379;-8.853779;-0.1545276;0.7008159
1873677673;40.14971;-8.857207;-0.1545874;0.7007446
1873677674;40.15073;-8.859498;-0.1546274;0.7007625
1873677675;40.1559;-8.851414;-0.1544863;0.7008527
1873677676;40.15149;-8.855265;-0.1545535;0.7007757
1873677678;40.15201;-8.851597;-0.1544895;0.7007847
1873677680;40.15227;-8.85026;-0.1544662;0.7007893
1873677682;40.1521;-8.855137;-0.1545513;0.7007864
1873677684;40.15097;-8.855046;-0.1545497;0.7007666
1873677686;40.15015;-8.854132;-0.1545337;0.7007523
1873677688;40.14967;-8.855893;-0.1545645;0.700744
1873677690;40.1523;-8.851119;-0.1544812;0.7007898
1873677696;40.15047;-8.85441;-0.1545386;0.7007579
1873677707;40.15002;-8.856215;-0.1545701;0.70075
1873677708;40.15087;-8.853206;-0.1545176;0.7007648
1873677709;40.1497;-8.854095;-0.1545331;0.7007444
1873677711;40.14965;-8.855303;-0.1545542;0.7007436
1873677712;40.1551;-8.851156;-0.1544818;0.7008387
1873677713;40.15226;-8.849389;-0.154451;0.7007891
1873677714;40.14936;-8.855405;-0.154556;0.7007385
1873677715;40.15063;-8.855512;-0.1545578;0.7007607
1873677716;40.14925;-8.853521;-0.1545231;0.7007365
1873677717;40.15071;-8.855324;-0.1545546;0.7007622
1873677719;40.14931;-8.853875;-0.1545293;0.7007377
1873677721;40.1498;-8.855791;-0.1545627;0.7007462
1873677723;40.15216;-8.855999;-0.1545663;0.7007875
1873677725;40.14944;-8.855603;-0.1545594;0.7007399
1873677727;40.15041;-8.855362;-0.1545552;0.7007568
1873677729;40.15038;-8.855898;-0.1545646;0.7007563
1873677731;40.15092;-8.853736;-0.1545268;0.7007658
1873677733;40.14972;-8.853811;-0.1545282;0.7007447
1873677735;40.15076;-8.854508;-0.1545403;0.7007629
1873677746;40.15009;-8.855689;-0.1545609;0.7007512
1873677747;40.15009;-8.855399;-0.1545559;0.7007512
1873677748;40.15733;-8.856349;-0.1545724;0.7008775
1873677749;40.15025;-8.856043;-0.1545671;0.700754
1873677750;40.15401;-8.853758;-0.1545272;0.7008196
1873677752;40.151;-8.85555;-0.1545585;0.7007671
1873677753;40.14822;-8.856592;-0.1545767;0.7007186
1873677754;40.15673;-8.852047;-0.1544974;0.7008672
1873677755;40.15231;-8.856354;-0.1545725;0.7007899
1873677757;40.15004;-8.859154;-0.1546214;0.7007503
1873677759;40.15107;-8.851655;-0.1544905;0.7007684
1873677761;40.15612;-8.850627;-0.1544726;0.7008565
1873677763;40.14917;-8.851177;-0.1544822;0.7007352
1873677765;40.15071;-8.854144;-0.154534;0.7007621
1873677767;40.15107;-8.85114;-0.1544815;0.7007683
1873677769;40.15096;-8.854107;-0.1545333;0.7007664
1873677771;40.15094;-8.854451;-0.1545393;0.700766
1873677773;40.15192;-8.857449;-0.1545916;0.7007832
1873677785;40.14978;-8.859106;-0.1546206;0.7007459
1873677786;40.14935;-8.854279;-0.1545363;0.7007383
1873677787;40.15107;-8.85151;-0.154488;0.7007684
1873677788;40.15667;-8.852401;-0.1545035;0.700866
1873677789;40.15673;-8.852245;-0.1545008;0.7008672
1873677790;40.1508;-8.857717;-0.1545963;0.7007636
1873677791;40.14934;-8.855211;-0.1545526;0.7007382
1873677792;40.15199;-8.849391;-0.154451;0.7007844
1873677793;40.15017;-8.854061;-0.1545325;0.7007527
1873677794;40.15026;-8.85379;-0.1545278;0.7007542
1873677795;40.15103;-8.855964;-0.1545657;0.7007676
1873677796;40.1523;-8.851626;-0.15449;0.7007899
1873677798;40.14958;-8.858194;-0.1546047;0.7007423
1873677800;40.15507;-8.851257;-0.1544836;0.7008382
1873677802;40.152;-8.851128;-0.1544813;0.7007846
1873677804;40.15098;-8.855335;-0.1545548;0.7007669
1873696425;40.14882;-8.858755;-0.1546144;0.700729
1873696428;40.14903;-8.859143;-0.1546212;0.7007328
1873696430;40.15189;-8.86012;-0.1546383;0.7007827
1873696432;40.15205;-8.866417;-0.1547482;0.7007854
1873696436;40.14987;-8.860431;-0.1546437;0.7007474
1873696438;40.15095;-8.861123;-0.1546558;0.7007663
1873696452;40.15274;-8.866116;-0.1547429;0.7007974
1873696460;40.15265;-8.863775;-0.1547021;0.7007959
1873696462;40.15205;-8.86608;-0.1547423;0.7007854
1873696463;40.15352;-8.866267;-0.1547455;0.7008111
1873696465;40.15048;-8.861261;-0.1546582;0.7007581
1873696466;40.1507;-8.860641;-0.1546474;0.7007619
1873696468;40.15102;-8.861203;-0.1546572;0.7007675
1873696478;40.15279;-8.860287;-0.1546412;0.7007983
1873696482;40.15176;-8.859739;-0.1546316;0.7007803
1873696499;40.15049;-8.861532;-0.1546629;0.7007583
1873696500;40.14981;-8.859325;-0.1546244;0.7007463
1873696501;40.15052;-8.861414;-0.1546609;0.7007587
1873696506;40.1492;-8.859368;-0.1546251;0.7007357
1873696507;40.14969;-8.859304;-0.154624;0.7007443
1873696509;40.15019;-8.861107;-0.1546555;0.700753
1873696511;40.14947;-8.859186;-0.154622;0.7007404
1873696517;40.15262;-8.859727;-0.1546314;0.7007955
1873696521;40.15236;-8.863606;-0.1546991;0.7007908
1873696536;40.15298;-8.860526;-0.1546454;0.7008017
1873696537;40.15382;-8.866158;-0.1547436;0.7008163
1873696540;40.15206;-8.863963;-0.1547053;0.7007856
1873696541;40.15044;-8.861145;-0.1546562;0.7007574
1873696542;40.15197;-8.860062;-0.1546372;0.7007841
1873696543;40.15202;-8.86046;-0.1546442;0.7007849
1873696552;40.15192;-8.860508;-0.154645;0.7007831
1873696558;40.15067;-8.861321;-0.1546592;0.7007613
1873696574;40.15079;-8.861342;-0.1546596;0.7007635
1873696576;40.15096;-8.861305;-0.154659;0.7007665
1873696582;40.15062;-8.861203;-0.1546572;0.7007604
1873696589;40.14904;-8.858644;-0.1546125;0.7007329
1873696626;40.14959;-8.860141;-0.1546386;0.7007425
1873696647;40.149;-8.859988;-0.154636;0.7007323
1873696648;40.15014;-8.860751;-0.1546493;0.7007521
1873696650;40.15216;-8.863445;-0.1546963;0.7007874
1873696668;40.15166;-8.860598;-0.1546466;0.7007786
1873696674;40.14866;-8.858524;-0.1546104;0.7007263
1873696681;40.15033;-8.861385;-0.1546603;0.7007554
1873696684;40.14924;-8.858945;-0.1546178;0.7007364
1873696694;40.15028;-8.861326;-0.1546593;0.7007546
1873696728;40.1512;-8.860662;-0.1546477;0.7007706
1873696734;40.15085;-8.865961;-0.1547402;0.7007646
1873696740;40.15295;-8.860355;-0.1546424;0.7008013
1873696757;40.14896;-8.860429;-0.1546437;0.7007315
1873696765;40.15285;-8.86049;-0.1546447;0.7007994
1876938796;40.14888;-8.85737;-0.1545903;0.7007302
1876938797;40.14978;-8.858943;-0.1546177;0.7007458
1876938806;40.14875;-8.856808;-0.1545805;0.7007279
1876938812;40.15099;-8.863513;-0.1546975;0.700767
1876938817;40.15351;-8.86589;-0.154739;0.7008109
1876938820;40.15326;-8.865665;-0.1547351;0.7008066
1876938825;40.14862;-8.857674;-0.1545956;0.7007257
1876938827;40.14984;-8.865224;-0.1547273;0.700747
1876938828;40.14828;-8.860584;-0.1546464;0.7007197
1876938829;40.14822;-8.861098;-0.1546553;0.7007187
1876938831;40.15041;-8.863438;-0.1546962;0.7007568
1876938833;40.14905;-8.852956;-0.1545132;0.7007331
1876938834;40.15347;-8.865297;-0.1547286;0.7008102
1876938844;40.14795;-8.862832;-0.1546856;0.700714
1876938845;40.14914;-8.858318;-0.1546068;0.7007347
1876938846;40.14831;-8.859854;-0.1546336;0.7007203
1876938850;40.14767;-8.86337;-0.154695;0.700709
1876938851;40.14831;-8.860048;-0.154637;0.7007201
1876938852;40.14803;-8.862451;-0.1546789;0.7007154
1876938854;40.14905;-8.856704;-0.1545786;0.7007331
1876938856;40.15425;-8.866385;-0.1547476;0.700824
1876938857;40.14862;-8.856834;-0.1545809;0.7007257
1876938858;40.1553;-8.867067;-0.1547595;0.7008423
1876938860;40.1484;-8.859736;-0.1546316;0.7007218
1876938863;40.15198;-8.866797;-0.1547548;0.7007843
1876938865;40.15384;-8.86277;-0.1546845;0.7008167
1876938866;40.14943;-8.858621;-0.1546121;0.7007398
1876938867;40.14815;-8.863366;-0.1546949;0.7007174
1876938868;40.14962;-8.85723;-0.1545878;0.700743
1876938870;40.15344;-8.864525;-0.1547152;0.7008097
1876938879;40.15096;-8.86343;-0.154696;0.7007664
1876938882;40.15088;-8.863246;-0.1546928;0.7007651
1876938884;40.15098;-8.86412;-0.1547081;0.7007669
1876938885;40.15498;-8.867392;-0.1547652;0.7008365
1876938886;40.14914;-8.857512;-0.1545927;0.7007346
1876938890;40.1514;-8.863024;-0.1546889;0.7007741
1876938893;40.14941;-8.865249;-0.1547278;0.7007394
1876938911;40.14946;-8.857692;-0.1545959;0.7007403
1876938912;40.14876;-8.857674;-0.1545956;0.700728
1876938915;40.15911;-8.869606;-0.1548038;0.7009087
1876938918;40.15385;-8.863819;-0.1547028;0.7008168
1876938920;40.14967;-8.858853;-0.1546162;0.7007439
1876938922;40.14859;-8.856902;-0.1545821;0.7007251
1876938928;40.16124;-8.871296;-0.1548333;0.7009458
1876938931;40.14868;-8.856805;-0.1545804;0.7007267
1876938932;40.15335;-8.86579;-0.1547372;0.7008082
1876938937;40.1486;-8.857615;-0.1545945;0.7007253
1876938940;40.14859;-8.859943;-0.1546352;0.700725
1876938943;40.14871;-8.852358;-0.1545028;0.7007272
1877815742;40.15267;-8.862652;-0.1546825;0.7007962
1877815795;40.15761;-8.867702;-0.1547706;0.7008826
1877816429;40.15112;-8.862212;-0.1546748;0.7007692
1877816663;40.15178;-8.862432;-0.1546786;0.7007808
1877876351;40.1473;-8.853306;-0.1545193;0.7007026
1877876363;40.15376;-8.858476;-0.1546096;0.7008153
1877876370;40.15453;-8.859879;-0.1546341;0.7008287
1877876375;40.14875;-8.85626;-0.1545709;0.7007279
1877876390;40.15253;-8.86677;-0.1547543;0.7007938
1877876396;40.15482;-8.858151;-0.1546039;0.7008338
1877876407;40.14864;-8.856362;-0.1545727;0.7007259
1877876412;40.15482;-8.857615;-0.1545945;0.7008337
1877876414;40.15421;-8.858336;-0.1546071;0.7008231
1877876417;40.15377;-8.859589;-0.154629;0.7008155
1877876426;40.15368;-8.858465;-0.1546094;0.7008138
1877876439;40.15584;-8.849831;-0.1544587;0.7008517
1877876441;40.15354;-8.857282;-0.1545887;0.7008115
1877876454;40.148;-8.848531;-0.154436;0.7007148
1877876461;40.1544;-8.857601;-0.1545943;0.7008265
1877876463;40.15414;-8.866986;-0.1547581;0.7008219
1877876474;40.15428;-8.867109;-0.1547603;0.7008244
1877876476;40.15092;-8.866541;-0.1547503;0.7007658
1877876478;40.15248;-8.859415;-0.154626;0.7007929
1877876481;40.15419;-8.859219;-0.1546225;0.7008228
1877876484;40.14731;-8.853815;-0.1545282;0.7007027
1877876488;40.15509;-8.84974;-0.1544571;0.7008384
1877876497;40.15532;-8.849863;-0.1544593;0.7008426
1877876498;40.15492;-8.859337;-0.1546246;0.7008355
1877876507;40.15331;-8.85882;-0.1546156;0.7008074
1877876513;40.15536;-8.858218;-0.1546051;0.7008433
1877876516;40.15367;-8.857738;-0.1545967;0.7008138
1877876523;40.14854;-8.858015;-0.1546015;0.7007242
1877876525;40.15633;-8.849493;-0.1544528;0.7008602
1877876527;40.14787;-8.851874;-0.1544943;0.7007126
1877876541;40.14856;-8.858401;-0.1546083;0.7007245
1877876549;40.1548;-8.849549;-0.1544538;0.7008335
1877876581;40.14804;-8.853232;-0.1545181;0.7007154
1877876601;40.15405;-8.858822;-0.1546156;0.7008203
1877876605;40.14731;-8.853991;-0.1545313;0.7007028
1877876624;40.15332;-8.85876;-0.1546145;0.7008076
1877876626;40.15385;-8.858392;-0.1546081;0.7008168
1877876627;40.15367;-8.858027;-0.1546017;0.7008138
1877876628;40.15493;-8.855857;-0.1545639;0.7008356
1877876637;40.15498;-8.855906;-0.1545647;0.7008365
1877876643;40.15393;-8.858562;-0.1546111;0.7008183
1877876646;40.15353;-8.866899;-0.1547566;0.7008113
1877876670;40.15405;-8.858017;-0.1546016;0.7008204
1877876672;40.14829;-8.856172;-0.1545694;0.7007198
1877876674;40.14784;-8.848597;-0.1544371;0.700712
1877876690;40.15427;-8.858071;-0.1546025;0.7008241
1877876702;40.15568;-8.856989;-0.1545836;0.7008489
1877876706;40.14829;-8.856342;-0.1545723;0.7007199
1877876712;40.15498;-8.855941;-0.1545653;0.7008367
1877876729;40.14788;-8.851322;-0.1544847;0.7007126
1877876750;40.1473;-8.853477;-0.1545223;0.7007027
1877876751;40.15607;-8.849643;-0.1544554;0.7008557
1877876758;40.152;-8.866711;-0.1547533;0.7007846
1877876783;40.15359;-8.859205;-0.1546223;0.7008124
1877876818;40.1473;-8.853642;-0.1545252;0.7007027
1877876837;40.15349;-8.857241;-0.154588;0.7008106
1877876869;40.15414;-8.857831;-0.1545983;0.7008219
1877876907;40.15301;-8.858371;-0.1546077;0.7008023
1877876914;40.14805;-8.854002;-0.1545315;0.7007157
1877876951;40.14803;-8.8514;-0.1544861;0.7007152
1877876961;40.15378;-8.858258;-0.1546058;0.7008157
1877876999;40.15462;-8.857543;-0.1545933;0.7008303
1877877011;40.15199;-8.859256;-0.1546232;0.7007843
1877877018;40.15215;-8.859624;-0.1546296;0.7007872
1877877026;40.15565;-8.855904;-0.1545647;0.7008483
1877877032;40.15514;-8.859138;-0.1546211;0.7008394
1877877038;40.15464;-8.860096;-0.1546378;0.7008306
1877877051;40.15442;-8.857985;-0.154601;0.7008268
1877877099;40.15334;-8.85888;-0.1546166;0.7008079
1877877109;40.15337;-8.858883;-0.1546167;0.7008086
1877877126;40.14866;-8.856305;-0.1545717;0.7007263
1877877133;40.15372;-8.858595;-0.1546116;0.7008147
1877877135;40.14787;-8.853971;-0.1545309;0.7007125
1877877141;40.15572;-8.849874;-0.1544594;0.7008496
1877877144;40.14787;-8.853466;-0.1545221;0.7007125
1877877153;40.15575;-8.856184;-0.1545696;0.7008501
1877877160;40.14787;-8.853301;-0.1545193;0.7007125
1877877182;40.15436;-8.858991;-0.1546186;0.7008258
1877877184;40.15377;-8.857925;-0.1546;0.7008155
1877877190;40.14787;-8.8538;-0.154528;0.7007126
1877877220;40.15498;-8.856014;-0.1545666;0.7008365
1877877235;40.14787;-8.853633;-0.154525;0.7007125
1877877241;40.14863;-8.856186;-0.1545696;0.7007258
1877877255;40.14867;-8.856256;-0.1545708;0.7007264
1877877260;40.15518;-8.858894;-0.1546169;0.7008401
1878510467;40.15736;-8.860523;-0.1546453;0.7008782
1878510478;40.15517;-8.860503;-0.154645;0.7008399
1878510482;40.15282;-8.862199;-0.1546745;0.700799
1878510494;40.1558;-8.861518;-0.1546627;0.7008508
1878510497;40.15859;-8.859567;-0.1546286;0.7008996
1878510523;40.15251;-8.862173;-0.1546741;0.7007935
1880805545;40.14914;-8.856114;-0.1545684;0.7007347
1880805615;40.15681;-8.868365;-0.1547822;0.7008686
1880805638;40.14861;-8.859199;-0.1546222;0.7007254
1880805658;40.14922;-8.860545;-0.1546457;0.700736
1880805669;40.14903;-8.859231;-0.1546227;0.7007328
1880805737;40.14896;-8.857941;-0.1546002;0.7007315
1880805744;40.14918;-8.859339;-0.1546246;0.7007353
1880805777;40.14898;-8.859958;-0.1546354;0.7007319
1880805783;40.15572;-8.867779;-0.1547719;0.7008495
1880805811;40.149;-8.857733;-0.1545966;0.7007322
1880805826;40.14943;-8.858107;-0.1546031;0.7007397
1880805858;40.14871;-8.858159;-0.154604;0.7007272
1880805859;40.14877;-8.858674;-0.154613;0.7007283
1880805875;40.15071;-8.866636;-0.154752;0.7007621
1880805886;40.15194;-8.866792;-0.1547547;0.7007836
1880805918;40.14972;-8.866529;-0.1547501;0.7007447
1880806130;40.15502;-8.867417;-0.1547656;0.7008373
2204404885;40.15619;-8.867736;-0.1547712;0.7008578
2204513689;40.15078;-8.859469;-0.1546269;0.7007633
2204513691;40.15077;-8.859889;-0.1546342;0.7007632
2204513693;40.15081;-8.859922;-0.1546348;0.7007639
2204513694;40.1503;-8.86012;-0.1546383;0.700755
2204513696;40.1511;-8.860099;-0.1546379;0.7007688
2204513704;40.15096;-8.860077;-0.1546375;0.7007664
2218617096;40.15637;-8.865379;-0.1547301;0.7008609
2219278155;40.15722;-8.850698;-0.1544738;0.7008758
2226709825;40.1538;-8.856806;-0.1545804;0.700816
2226709827;40.15383;-8.856585;-0.1545766;0.7008165
2226709831;40.15386;-8.856348;-0.1545724;0.700817
2226709832;40.1539;-8.85603;-0.1545669;0.7008178
2226709834;40.15391;-8.856603;-0.1545769;0.7008179
2226709836;40.15393;-8.856366;-0.1545728;0.7008184
2226794307;40.14855;-8.865164;-0.1547263;0.7007244
2226853766;40.148;-8.848804;-0.1544408;0.7007148
2256109855;40.14981;-8.859386;-0.1546255;0.7007465
2256109856;40.14998;-8.859714;-0.1546312;0.7007494
2303418219;40.14851;-8.866989;-0.1547582;0.7007238
2305002112;40.14924;-8.866606;-0.1547515;0.7007365
2460337240;40.15291;-8.860561;-0.154646;0.7008005
2460337241;40.15299;-8.860462;-0.1546442;0.7008018
2460337242;40.15203;-8.86033;-0.1546419;0.7007852
2460337243;40.15194;-8.86036;-0.1546425;0.7007836
2460337264;40.14837;-8.860879;-0.1546515;0.7007212
2460337265;40.14841;-8.860317;-0.1546417;0.700722
2460354176;40.14826;-8.856259;-0.1545709;0.7007194
2460362019;40.15314;-8.849352;-0.1544503;0.7008046
2460362022;40.15228;-8.849365;-0.1544506;0.7007895
2460362026;40.15237;-8.849364;-0.1544506;0.7007911
2460362030;40.15236;-8.848732;-0.1544395;0.7007909
2460438931;40.15375;-8.858542;-0.1546107;0.7008151
2460438933;40.15372;-8.858457;-0.1546092;0.7008145
2460438935;40.15417;-8.858863;-0.1546163;0.7008225
2460439159;40.14988;-8.863919;-0.1547046;0.7007475
2460439160;40.14992;-8.863853;-0.1547034;0.7007483
2460439222;40.1619;-8.871926;-0.1548443;0.7009574
2460439259;40.14787;-8.853233;-0.1545181;0.7007126
2596676667;40.14793;-8.863026;-0.154689;0.7007136
2596676674;40.14807;-8.863304;-0.1546938;0.700716
2596676679;40.14805;-8.863086;-0.15469;0.7007157
2596676683;40.14801;-8.863383;-0.1546952;0.7007149
2596676691;40.1478;-8.863184;-0.1546917;0.7007113
2596676698;40.14784;-8.863081;-0.1546899;0.700712
2596676703;40.14812;-8.86269;-0.1546831;0.700717
2596704977;40.14727;-8.863483;-0.154697;0.700702
2596704979;40.14716;-8.863518;-0.1546976;0.7007
2596734704;40.14796;-8.8634;-0.1546955;0.7007141
2596734706;40.14792;-8.8634;-0.1546955;0.7007134
2596734707;40.14781;-8.863297;-0.1546937;0.7007115
2596734711;40.14782;-8.863128;-0.1546908;0.7007115
2596734713;40.14788;-8.863043;-0.1546893;0.7007127
2596734714;40.14797;-8.863029;-0.154689;0.7007143
2596734716;40.14808;-8.863135;-0.1546909;0.7007161
2596734718;40.14809;-8.863192;-0.1546919;0.7007163
2596734719;40.14808;-8.86325;-0.1546929;0.7007163
2597235290;40.15245;-8.856338;-0.1545722;0.7007924
2707994383;40.14933;-8.854112;-0.1545334;0.7007381
2707994384;40.1497;-8.854077;-0.1545328;0.7007444
2707994385;40.15014;-8.854182;-0.1545346;0.7007522
2708074327;40.15158;-8.85555;-0.1545585;0.7007774
2708074328;40.15156;-8.855249;-0.1545533;0.7007769
2708074329;40.1515;-8.85555;-0.1545585;0.700776
2708074330;40.15002;-8.855419;-0.1545562;0.70075
2708987544;40.14875;-8.856309;-0.1545718;0.7007279
2708987546;40.14875;-8.856048;-0.1545672;0.7007279
2708987548;40.14966;-8.856201;-0.1545699;0.7007437
2708987550;40.1499;-8.856434;-0.1545739;0.7007479
2708987551;40.14875;-8.856518;-0.1545754;0.7007279
2708987553;40.14989;-8.85625;-0.1545707;0.7007477
2708987555;40.14994;-8.856335;-0.1545722;0.7007487
2708987579;40.14949;-8.856474;-0.1545746;0.7007408
2708987581;40.14949;-8.856173;-0.1545694;0.7007408
2708987583;40.14994;-8.856261;-0.1545709;0.7007486
2708987584;40.14995;-8.856427;-0.1545738;0.7007488
2708987652;40.14978;-8.856448;-0.1545742;0.7007458
2708987656;40.14977;-8.856226;-0.1545703;0.7007457
2708987659;40.14994;-8.856345;-0.1545724;0.7007487
2709120712;40.14886;-8.857126;-0.154586;0.7007298
2709120743;40.15318;-8.857353;-0.15459;0.7008052
2709120746;40.14878;-8.857925;-0.1546;0.7007285
2709120747;40.14882;-8.857656;-0.1545953;0.7007291
2709120749;40.14933;-8.857876;-0.1545991;0.7007381
2709120751;40.1493;-8.857995;-0.1546012;0.7007374
2709120783;40.14967;-8.858068;-0.1546024;0.700744
2710900008;40.15074;-8.857146;-0.1545864;0.7007626
2710900011;40.15026;-8.857268;-0.1545885;0.7007543
2710900013;40.15015;-8.857261;-0.1545884;0.7007523
2711973678;40.15348;-8.865082;-0.1547249;0.7008105
2711973679;40.15351;-8.865345;-0.1547295;0.700811
2711973681;40.15367;-8.865593;-0.1547338;0.7008137
2711973682;40.15278;-8.863019;-0.1546889;0.7007982
2711973684;40.15262;-8.862965;-0.1546879;0.7007955
2711973685;40.15355;-8.863028;-0.154689;0.7008116
2711973687;40.15289;-8.862762;-0.1546844;0.7008001
2714974437;40.1501;-8.86095;-0.1546527;0.7007514
2714974438;40.15052;-8.861485;-0.1546621;0.7007587
2714986051;40.15475;-8.857592;-0.1545941;0.7008326
2720297126;40.15714;-8.852944;-0.154513;0.7008742
2720297127;40.15708;-8.852795;-0.1545104;0.7008733
2720297128;40.15702;-8.852612;-0.1545072;0.7008722
2720297129;40.15698;-8.85248;-0.1545049;0.7008715
2720297130;40.15695;-8.852357;-0.1545028;0.7008711
2720297131;40.15693;-8.85224;-0.1545007;0.7008707
2720297132;40.15693;-8.852143;-0.154499;0.7008706
2720297133;40.1569;-8.852043;-0.1544973;0.7008702
2720297134;40.15688;-8.851976;-0.1544961;0.7008697
2720297135;40.15685;-8.851908;-0.1544949;0.7008691
2720297136;40.15678;-8.851804;-0.1544931;0.7008681
2720297137;40.15682;-8.851859;-0.1544941;0.7008688
2882697831;40.14791;-8.848567;-0.1544366;0.7007132
2882697832;40.14791;-8.851342;-0.1544851;0.7007133
2882697834;40.14792;-8.851854;-0.154494;0.7007134
2882697835;40.14792;-8.851347;-0.1544852;0.7007135
2882697837;40.14793;-8.853233;-0.1545181;0.7007135
2882697838;40.14793;-8.85185;-0.1544939;0.7007135
2882697839;40.14793;-8.853982;-0.1545311;0.7007136
2882697840;40.14794;-8.853233;-0.1545181;0.7007138
2882697841;40.14794;-8.851357;-0.1544853;0.7007138
2882697842;40.14795;-8.851842;-0.1544938;0.7007138
2882697843;40.14795;-8.853233;-0.1545181;0.700714
2882697849;40.15524;-8.860495;-0.1546448;0.7008411
2892485761;40.14892;-8.863975;-0.1547055;0.7007309
2892488254;40.14994;-8.865535;-0.1547328;0.7007487
2892488513;40.1535;-8.866263;-0.1547455;0.7008108
2893780293;40.15276;-8.863374;-0.154695;0.7007978
2893780298;40.15298;-8.8628;-0.154685;0.7008017
2893780531;40.1537;-8.863823;-0.1547029;0.7008142
3611610642;40.15719;-8.850641;-0.1544728;0.7008752
3611616630;40.15633;-8.850718;-0.1544742;0.7008601
3611616631;40.15647;-8.850762;-0.1544749;0.7008626
3611616647;40.15682;-8.849888;-0.1544597;0.7008687
3614679878;40.15588;-8.850576;-0.1544717;0.7008524
3614680894;40.15654;-8.850783;-0.1544753;0.7008638
3614680895;40.15669;-8.850769;-0.1544751;0.7008665
3614680896;40.15684;-8.850693;-0.1544737;0.7008691
3614680897;40.15694;-8.850611;-0.1544723;0.7008708
3614680898;40.15702;-8.850533;-0.1544709;0.7008722
3615009227;40.15612;-8.850629;-0.1544726;0.7008566
3615009243;40.15623;-8.850677;-0.1544735;0.7008585
3615009261;40.15637;-8.84978;-0.1544578;0.7008609
3627827809;40.1565;-8.851553;-0.1544887;0.7008631
3627827814;40.15663;-8.851626;-0.15449;0.7008654
3627827815;40.15672;-8.851722;-0.1544917;0.7008669
3627827816;40.15693;-8.85218;-0.1544997;0.7008706
3687567170;40.14806;-8.855701;-0.1545611;0.7007158
3701348016;40.15781;-8.868729;-0.1547885;0.700886
3701348019;40.15543;-8.867215;-0.1547621;0.7008445
3701348020;40.15534;-8.867631;-0.1547694;0.7008429
3701348021;40.15525;-8.86757;-0.1547683;0.7008412
3701349590;40.15528;-8.867119;-0.1547604;0.7008419
3701349591;40.15541;-8.867206;-0.1547619;0.7008441
3701349592;40.15545;-8.867229;-0.1547623;0.7008449
3701349593;40.15552;-8.867329;-0.1547641;0.700846
3701349594;40.15485;-8.867171;-0.1547613;0.7008343
4268849078;40.14732;-8.838848;-0.154267;0.7007029
4268849079;40.1475;-8.84106;-0.1543056;0.7007061
4268849080;40.14767;-8.848149;-0.1544293;0.7007091
4268849081;40.14771;-8.847945;-0.1544258;0.7007098
4268849082;40.14772;-8.851732;-0.1544919;0.7007099
4268849083;40.14775;-8.848989;-0.154444;0.7007104
4268849084;40.14776;-8.843997;-0.1543569;0.7007106
4268849085;40.14778;-8.851644;-0.1544903;0.700711
4268849086;40.14779;-8.850638;-0.1544728;0.7007111
4268849087;40.14781;-8.850949;-0.1544782;0.7007114
4268849088;40.14781;-8.845526;-0.1543836;0.7007115
4268849189;40.14781;-8.851561;-0.1544889;0.7007115
4268849190;40.14782;-8.847451;-0.1544172;0.7007117
4268849191;40.14782;-8.851418;-0.1544864;0.7007117
4451164183;40.15979;-8.870029;-0.1548112;0.7009206
4617394479;40.15454;-8.864469;-0.1547142;0.700829
4617394481;40.1543;-8.865123;-0.1547256;0.7008247
4654981693;40.14806;-8.849928;-0.1544604;0.7007159
4654981694;40.14809;-8.849846;-0.154459;0.7007164
4654981695;40.14807;-8.849787;-0.1544579;0.700716
4654981696;40.14806;-8.849721;-0.1544568;0.7007158
4654981697;40.14806;-8.84967;-0.1544559;0.7007158
4654981698;40.1482;-8.849469;-0.1544524;0.7007182
4654981699;40.14805;-8.849423;-0.1544516;0.7007157
4654981700;40.14836;-8.849515;-0.1544532;0.7007211
4654981701;40.14813;-8.849895;-0.1544598;0.700717
4654981702;40.14812;-8.849525;-0.1544534;0.7007169
4654981703;40.14816;-8.849491;-0.1544528;0.7007175
4654981704;40.14842;-8.849622;-0.154455;0.7007221
4654981705;40.14843;-8.849687;-0.1544562;0.7007223
4654981706;40.14843;-8.849753;-0.1544573;0.7007222
4654981707;40.14833;-8.849916;-0.1544602;0.7007206
4654981708;40.14828;-8.849943;-0.1544607;0.7007197
4654981709;40.14817;-8.849929;-0.1544604;0.7007177
4654981710;40.14809;-8.849569;-0.1544541;0.7007164
4654981726;40.14812;-8.849462;-0.1544522;0.7007169
4654981727;40.14808;-8.849449;-0.154452;0.7007163
4654981728;40.14841;-8.849953;-0.1544608;0.700722
4654981729;40.14809;-8.849923;-0.1544603;0.7007163
4654981730;40.14804;-8.849949;-0.1544607;0.7007154
4654981731;40.14841;-8.850092;-0.1544632;0.700722
4654981732;40.14846;-8.849783;-0.1544579;0.7007229
4654981733;40.14841;-8.849815;-0.1544584;0.700722
4654981734;40.14823;-8.849947;-0.1544607;0.7007188
4654981735;40.1484;-8.849564;-0.154454;0.7007217
4654981736;40.14853;-8.849644;-0.1544554;0.700724
4654981737;40.14843;-8.849831;-0.1544587;0.7007222
4654981738;40.14823;-8.849462;-0.1544522;0.7007188
4654981739;40.148;-8.849335;-0.15445;0.7007148
4654981740;40.14802;-8.849886;-0.1544597;0.7007152
4654981741;40.14803;-8.849807;-0.1544583;0.7007154
4654981742;40.14807;-8.849622;-0.154455;0.700716
4654981743;40.14804;-8.849559;-0.1544539;0.7007155
4654981744;40.14802;-8.849468;-0.1544524;0.7007152
4672327456;40.1473;-8.838607;-0.1542628;0.7007026
4672327469;40.14734;-8.839014;-0.1542699;0.7007032
4844665844;40.14812;-8.863335;-0.1546944;0.7007169
4844665845;40.14771;-8.863358;-0.1546948;0.7007098
4844665846;40.1478;-8.863243;-0.1546928;0.7007113
4844665847;40.14791;-8.863834;-0.1547031;0.7007133
4844665848;40.14788;-8.86338;-0.1546952;0.7007126
4844665849;40.14804;-8.863351;-0.1546947;0.7007155
4844665850;40.14801;-8.86305;-0.1546894;0.700715
4844665851;40.14817;-8.863415;-0.1546958;0.7007178
4844665852;40.14817;-8.863763;-0.1547018;0.7007177
4844665853;40.14819;-8.86347;-0.1546967;0.700718
4844665854;40.14817;-8.863682;-0.1547004;0.7007177
4844665855;40.14821;-8.864115;-0.154708;0.7007185
4844665856;40.14806;-8.863;-0.1546885;0.7007158
4844665857;40.14799;-8.862942;-0.1546875;0.7007146
4844665858;40.14803;-8.862871;-0.1546863;0.7007153
4844665859;40.14806;-8.862779;-0.1546847;0.7007158
4844665860;40.14784;-8.863345;-0.1546946;0.700712
4844665861;40.14771;-8.863358;-0.1546948;0.7007098
5321741028;40.16416;-8.874676;-0.1548923;0.7009969
5321741030;40.16391;-8.873962;-0.1548799;0.7009925
5321741037;40.16306;-8.872857;-0.1548606;0.7009777
5321741070;40.16112;-8.871187;-0.1548314;0.7009438
5321741071;40.15685;-8.868123;-0.1547779;0.7008692
5321741072;40.15677;-8.868341;-0.1547818;0.7008679
5321741073;40.15295;-8.866928;-0.1547571;0.7008011
5321741074;40.15249;-8.866867;-0.154756;0.7007932
5321741075;40.15202;-8.866802;-0.1547549;0.7007849
5321741076;40.15145;-8.866729;-0.1547536;0.700775
5341092016;40.14827;-8.849235;-0.1544483;0.7007195
5341092017;40.148;-8.849069;-0.1544454;0.7007148
5341092018;40.148;-8.849179;-0.1544473;0.7007148
5341092019;40.14801;-8.849985;-0.1544614;0.7007149
