36974260;429932398;485948188;
36974260;485948188;485948194;
36974260;485948194;485948197;
36974260;485948197;1237761145;
36974260;1237761145;429932404;
36976243;1848795774;1237230344;
36976244;429960730;1873696734;
36976244;1873696734;552925938;
36976244;552925938;429960764;
36976244;429960764;1876938884;
36976244;1876938884;693844225;
36976244;693844225;1236606805;
40283463;190573080;2303418219;
40283463;2303418219;190573078;
40283463;190573078;1236606832;
40283463;1236606832;190573076;
40283463;190573076;190573075;
40283463;190573075;190573074;
40283463;190573074;4844665847;
40283463;4844665847;429884645;
40283464;2596676667;4844665857;
40283464;4844665857;4844665858;
40283464;4844665858;4844665859;
40283464;4844665859;190573071;
40283464;190573071;190573070;
40283464;190573070;1876938860;
40283464;1876938860;429884615;
40283466;190573087;485948188;
40283467;485948192;2892485761;
40283467;2892485761;1240531343;
40283467;1240531343;485948194;
40283467;485948194;2460439159;
40283467;2460439159;693844221;
40283468;485948197;1240531334;
40283468;1240531334;1237761265;
42702534;1236606840;1238510260;
42702534;1238510260;2204404885;
42702534;2204404885;1172734618;
42702534;1172734618;5321741071;
42702534;5321741071;429951231;
42702534;429951231;3701348016;
42702534;3701348016;1848796075;
42702534;1848796075;429951227;
42702534;429951227;1876938915;
42702534;1876938915;1848796164;
42702534;1848796164;4451164183;
42702534;4451164183;1848796211;
42702534;1848796211;1240534836;
42702534;1240534836;429951224;
42702534;429951224;552967775;
42702534;552967775;1240534784;
42702534;1240534784;5321741070;
42702534;5321741070;1876938928;
42702534;1876938928;2460439222;
42702534;2460439222;1240542144;
42702534;1240542144;5321741037;
42702534;5321741037;534771588;
42702534;534771588;1240542152;
42702534;1240542152;534771589;
42702534;534771589;534771590;
42702534;534771590;1240542141;
42702534;1240542141;1848796526;
42702534;1848796526;5321741030;
42702534;5321741030;429951211;
42702534;429951211;5321741028;
42702534;5321741028;1848796576;
42702534;1848796576;1237518330;
42714318;1238130106;534151850;
42714318;534151850;1238130083;
42714318;1238130083;534151853;
42714318;534151853;1238130109;
42714318;1238130109;534151846;
42714318;534151846;1238130112;
42714318;1238130112;534151843;
42714318;534151843;1238130078;
42714318;1238130078;534151848;
42714318;534151848;1238130072;
42714318;1238130072;534151851;
42714318;534151851;1238130076;
42714318;1238130076;534151857;
42714318;534151857;1238130104;
42714318;1238130104;534151855;
42714318;534151855;1238130106;
42877408;1236615719;1576596390;
42877408;1576596390;1236606777;
43688185;698089620;698089616;
43688185;698089616;664906317;
43688186;1873677713;1873677792;
43688186;1873677792;1237703918;
43688186;1237703918;552926025;
43688186;552926025;1236606825;
43693248;4654981739;4654981699;
43693248;4654981699;4654981727;
43693248;4654981727;4654981726;
43693248;4654981726;4654981698;
52457660;1236606833;1876938854;
52457660;1876938854;2709120712;
52457660;2709120712;1236606816;
55546382;1848795945;1873677636;
55546382;1873677636;3611610642;
55546382;3611610642;2219278155;
55546382;2219278155;1237703786;
55546382;1237703786;1873677565;
55546382;1873677565;1848796045;
55546382;1848796045;1848796047;
55546382;1848796047;698089644;
55546382;698089644;698089632;
55546382;698089632;1237869661;
55546382;1237869661;2720297126;
55546382;2720297126;698089615;
55546382;698089615;698089630;
55546382;698089630;1312528699;
55546382;1312528699;1312528743;
55546382;1312528743;698089588;
101556500;1172734618;1172734631;
101556500;1172734631;1172734656;
101556500;1172734656;1172734707;
101556500;1172734707;1172734221;
101556500;1172734221;1172734219;
101556500;1172734219;1172734622;
101556500;1172734622;1172734659;
101556500;1172734659;1172734399;
101556500;1172734399;1172734578;
101556500;1172734578;1172734761;
101556500;1172734761;1172734492;
107628090;1236606800;1236606807;
107628090;1236606807;1236606789;
107628090;1236606789;701603970;
107628090;701603970;3701348020;
107628090;3701348020;1236606803;
107628090;1236606803;3701348021;
107628090;3701348021;1236606836;
107628090;1236606836;1236606788;
107628090;1236606788;1236606817;
107628090;1236606817;1236606819;
107628090;1236606819;1236606790;
107628090;1236606790;1236606830;
107628090;1236606830;1236606801;
107628090;1236606801;3701349591;
107628090;3701349591;3701348019;
107628090;3701348019;3701349592;
107628090;3701349592;1236606840;
107628090;1236606840;3701349593;
107628090;3701349593;1236606828;
107628090;1236606828;1236606823;
107628090;1236606823;1236606800;
107628091;698089629;698089589;
107628093;1848622863;1873677723;
107628093;1873677723;1873677671;
107628093;1873677671;1873677682;
107628093;1873677682;1873677583;
107628093;1873677583;553017695;
107628093;553017695;553017696;
107628093;553017696;1873677567;
107628095;1236606785;2218617096;
107628095;2218617096;1236606831;
107628095;1236606831;1236606775;
107628095;1236606775;552967820;
107628096;1236606799;1236606838;
107628096;1236606838;2218617096;
107628097;1236606805;1236606773;
107628097;1236606773;1236606841;
107628098;693844221;2460439160;
107628098;2460439160;1236606839;
107628098;1236606839;1236606777;
107628549;1236615671;1236615645;
107628549;1236615645;1236615732;
107628549;1236615732;4617394481;
107628549;4617394481;1236615716;
107628549;1236615716;1236615692;
107628549;1236615692;1236615691;
107628551;1236615689;1236615647;
107628551;1236615647;1236615661;
107628551;1236615661;1240534800;
107628551;1240534800;1236615652;
107628551;1236615652;1236615734;
107628551;1236615734;1236615616;
107628551;1236615616;1236615649;
107628551;1236615649;1236615638;
107628551;1236615638;1236615731;
107628551;1236615731;1877815795;
107628551;1877815795;1236615631;
107628551;1236615631;1172734631;
107628552;693844232;1873696540;
107628552;1873696540;1236606841;
107628552;1236606841;1876938890;
107628552;1876938890;1236615685;
107628552;1236615685;1236606809;
107628552;1236606809;1236615704;
107628552;1236615704;1236615708;
107628552;1236615708;1576596393;
107628552;1576596393;1236615719;
107737513;1848795947;1237704077;
107737513;1237704077;1237703949;
107737513;1237703949;1237703926;
107737513;1237703926;1237703920;
107737513;1237703920;1237703946;
107737513;1237703946;1237704064;
107737513;1237704064;1848795935;
107737513;1848795935;1237703868;
107737513;1237703868;1848795939;
107737513;1848795939;1237703831;
107737513;1237703831;1237703961;
107737513;1237703961;1237704016;
107737513;1237704016;1237703981;
107737513;1237703981;1237704042;
107737513;1237704042;1237703921;
107737513;1237703921;1848795947;
107739789;1237230461;1237715110;
107739789;1237715110;1237715115;
107739789;1237715115;1237715090;
107739789;1237715090;1237230473;
107739789;1237230473;1237715088;
107739789;1237715088;1237715103;
107739789;1237715103;1237715099;
107739789;1237715099;1237230407;
107739789;1237230407;1237715116;
107739789;1237715116;1237715106;
107739789;1237715106;1237230265;
107739789;1237230265;1237715087;
107739789;1237715087;1237715117;
107739789;1237715117;1237715108;
107739789;1237715108;1237230242;
107739789;1237230242;1237715105;
107739789;1237715105;1237715097;
107739789;1237715097;1237230461;
107739792;1237230643;2711973682;
107755880;1237703831;1848795941;
107755880;1848795941;1848795949;
107755880;1848795949;1848795965;
107755880;1848795965;1848795963;
107755880;1848795963;1848795952;
107755880;1848795952;1238953130;
107755880;1238953130;1238950304;
107755880;1238950304;1848795993;
107755880;1848795993;1848795972;
107755880;1848795972;1238950288;
107755880;1238950288;1238950293;
107780725;1238130613;1848611387;
107780725;1848611387;1237230337;
107780725;1237230337;1240531319;
107780725;1240531319;1240531341;
107780725;1240531341;1237230603;
107780725;1237230603;1240531323;
107780725;1240531323;1703390945;
107780725;1703390945;1237230643;
107818361;1238440299;1238440336;
107818361;1238440336;158761014;
107818361;158761014;1238440355;
107818361;1238440355;1237703921;
107819173;1237704016;1238458503;
107819173;1238458503;1238458505;
107819173;1238458505;1238440326;
107826136;1238508820;1238508837;
107826136;1238508837;1238508822;
107826136;1238508822;1238508844;
107826138;1238508824;1238508844;
107826138;1238508844;1238508819;
107826289;1236606774;698089613;
107826289;698089613;1236615691;
107826289;1236615691;1236606815;
107960100;701603998;1877876474;
107960100;1877876474;5321741073;
107960100;5321741073;5321741074;
107960100;5321741074;5321741075;
107960100;5321741075;1876938863;
107960100;1876938863;1880805886;
107960100;1880805886;5321741076;
107960100;5321741076;429960730;
107960100;429960730;1880805875;
107960100;1880805875;1323147267;
107960100;1323147267;1880805918;
107960100;1880805918;429951244;
107960100;429951244;1848795385;
107960101;1236606803;1880806130;
107960101;1880806130;1876938885;
107960101;1876938885;1239670897;
107960101;1239670897;701603998;
108067201;1240531343;1240531334;
108067202;552925938;552925942;
108067202;552925942;552925943;
108067202;552925943;1703390943;
108067202;1703390943;693844226;
108067207;190573086;1240531313;
108067207;1240531313;429884618;
108067207;429884618;552925927;
116284667;1311398320;1236606773;
116420660;1236606777;1848795398;
116420660;1848795398;190573066;
116420661;1312491235;1312491236;
116420661;1312491236;1312491237;
116420664;1312491237;1312491225;
116420664;1312491225;1848795394;
116420664;1848795394;1312491226;
116420669;698089620;698089579;
116420669;698089579;1312528697;
116420669;1312528697;1876938833;
116420669;1876938833;1312528747;
116421405;1238946120;1237869773;
116421405;1237869773;1237869819;
116421405;1237869819;1237869448;
116421405;1237869448;1873677800;
116421405;1873677800;1873677712;
116421405;1873677712;1873677553;
116421405;1873677553;1873677555;
116421407;698089588;1848795900;
116421407;1848795900;1848795907;
116421407;1848795907;1848795921;
116421407;1848795921;1848795922;
116421407;1848795922;698089618;
121018407;1237703920;1355501167;
121018407;1355501167;3615009261;
121018407;3615009261;1237704055;
121018407;1237704055;1237703910;
121018407;1237703910;158761018;
121018407;158761018;158761019;
121018407;158761019;158761020;
121018407;158761020;158761022;
121018407;158761022;1237703863;
121018407;1237703863;158761023;
121018407;158761023;158761024;
121018407;158761024;1108837570;
121018407;1108837570;1355501197;
121018407;1355501197;1848795574;
121018407;1848795574;1312528741;
121018408;1237703882;1355501180;
121018408;1355501180;1355501163;
121018408;1355501163;1355501253;
121018408;1355501253;1355501181;
121018408;1355501181;1355501159;
121018408;1355501159;1355501251;
121018408;1355501251;1355501169;
121018408;1355501169;1355501203;
121018408;1355501203;1355501246;
121018408;1355501246;1355501217;
121018408;1355501217;1355501214;
121018408;1355501214;1355501226;
121018408;1355501226;1848795935;
122050756;1576580331;2226853766;
122050756;2226853766;5341092017;
122050756;5341092017;5341092018;
122050756;5341092018;1848794794;
122050756;1848794794;4654981739;
122050763;1238508834;429884602;
122050763;429884602;1312528700;
122050763;1312528700;1237704005;
122050763;1237704005;1848795219;
122050763;1848795219;552926009;
122050763;552926009;4654981736;
122050763;4654981736;4654981732;
122050763;4654981732;4654981737;
122050763;4654981737;552934897;
122120378;1848795071;533995215;
122120378;533995215;1873696757;
122120378;1873696757;1880805658;
122120378;1880805658;1365397652;
122120378;1365397652;190573066;
144075059;1576580332;1576580335;
144075059;1576580335;1576580333;
144075059;1576580333;5341092016;
144075059;5341092016;1576580330;
144076478;1576596393;1576596388;
144076480;1576596392;1576596390;
174138337;1848795746;1848603039;
174138337;1848603039;1848603058;
174138337;1848603058;1848603041;
174138337;1848603041;1848603057;
174138337;1848603057;1848603046;
174138337;1848603046;1878510482;
174138337;1878510482;1878510523;
174138337;1878510523;1848603045;
174138337;1848603045;1848603066;
174138337;1848603066;533995238;
174138337;533995238;1848603067;
174138337;1848603067;1576596388;
174138337;1576596388;1236615719;
174138338;1848795779;1878510494;
174138338;1878510494;1848603056;
174138338;1848603056;1878510467;
174138338;1878510467;1878510497;
174138338;1878510497;1848603038;
174138338;1848603038;1848796173;
174139076;1238130106;1848603051;
174139076;1848603051;1848611409;
174139076;1848611409;1848611376;
174139076;1848611376;1848795774;
174139077;1848603046;1848611378;
174139077;1848611378;1848611361;
174139077;1848611361;2711973687;
174139077;2711973687;1237230643;
174139077;1237230643;2893780293;
174139077;2893780293;1873696460;
174139077;1873696460;1848611358;
174139077;1848611358;693844232;
174139078;1848795774;1848611407;
174139078;1848611407;1848611411;
174139078;1848611411;1848611392;
174139078;1848611392;534151853;
174139079;1848611408;1848611385;
174139079;1848611385;1848611388;
174139080;1237230344;1848611387;
174139430;1848614256;1848614261;
174139430;1848614261;1877876869;
174139430;1877876869;1877876690;
174139430;1877876690;1848614260;
174139430;1848614260;1877876498;
174139430;1877876498;1848614262;
174139430;1848614262;1848614255;
174139430;1848614255;2882697849;
174139430;2882697849;1848614247;
174139430;1848614247;1238130072;
174139431;1238130078;1848614243;
174139431;1848614243;1878510478;
174139431;1878510478;1848614259;
174139431;1848614259;1848614245;
174139431;1848614245;1848614239;
174139431;1848614239;1848614235;
174139431;1848614235;1848614256;
174140312;1848622884;1848629679;
174140312;1848629679;1238508820;
174140312;1238508820;1877876628;
174140312;1877876628;1848611366;
174140313;1848614237;1848622918;
174140313;1848622918;2226709834;
174140313;2226709834;2226709836;
174140313;2226709836;1848622884;
174140313;1848622884;1848622856;
174140313;1848622856;1238508819;
174140313;1238508819;1848622853;
174140313;1848622853;1848622915;
174140313;1848622915;1848622913;
174140313;1848622913;1238946120;
174140314;1848622848;530717389;
174140314;530717389;530717390;
174140315;1848622915;1848622899;
174140315;1848622899;1848622916;
174140315;1848622916;1848622917;
174140315;1848622917;1848622910;
174140315;1848622910;1848622848;
174140678;1848629679;1848611381;
174140678;1848611381;1848629695;
174140678;1848629695;1848629670;
174140678;1848629670;1848629648;
174140678;1848629648;1877876702;
174140678;1877876702;1848629689;
174140678;1848629689;1848629650;
174140678;1848629650;1848629708;
174140682;1848629674;1848629646;
174140682;1848629646;1848629680;
174140682;1848629680;1848629708;
174140682;1848629708;1848629678;
174140682;1848629678;1848629711;
174140682;1848629711;1848380805;
174154780;429884615;1848795074;
174154780;1848795074;1848795071;
174154780;1848795071;1848795010;
174154780;1848795010;429932421;
174154780;429932421;1848794927;
174154780;1848794927;2596676703;
174154780;2596676703;4844665856;
174154780;4844665856;2596676679;
174155018;1848795947;1848795945;
174155021;1848795945;3611616647;
174155021;3611616647;1237703926;
174155760;1236615716;1848795701;
174155760;1848795701;1237826264;
174155760;1237826264;1848795668;
174155760;1848795668;1848795654;
174155760;1848795654;2711973681;
174155760;2711973681;1238510257;
174155760;1238510257;2711973679;
174155760;2711973679;1237826149;
174155760;1237826149;2711973678;
174155760;2711973678;1876938870;
174155844;1238130109;1848795746;
174155879;1848795779;1238130104;
174155918;429932421;190573071;
174155963;1238130076;1848795779;
174155985;1848795746;1238130112;
174155999;190573070;2460337264;
174155999;2460337264;2460337265;
174155999;2460337265;1848795071;
174156024;1848795774;1236606815;
174156026;701603998;3701349594;
174156026;3701349594;1236606830;
174156325;2708987546;1880805545;
174156325;1880805545;2708987581;
174156325;2708987581;2708987548;
174156325;2708987548;2708987656;
174156325;2708987656;2708987553;
174156325;2708987553;2708987583;
174156325;2708987583;2708987555;
174156325;2708987555;2708987659;
174156325;2708987659;2708987584;
174156381;1236606777;429932404;
174156381;429932404;429932415;
174156381;429932415;429932421;
174156539;1236606809;1236606814;
174156539;1236606814;1236606837;
174156539;1236606837;1236606771;
174156539;1236606771;1236606839;
174156604;429884646;429932398;
174156604;429932398;693844218;
174156604;693844218;698089589;
174156604;698089589;429960764;
174156604;429960764;693844223;
174156604;693844223;693844232;
174156606;1848795219;1236606825;
174156606;1236606825;536763900;
174156606;536763900;552934895;
174156606;552934895;1876938943;
174156606;1876938943;533988738;
174156606;533988738;2708987546;
174156624;2708987551;2708987544;
174156624;2708987544;1877876375;
174156624;1877876375;2708987546;
174156647;429884615;429884613;
174156647;429884613;534771586;
174156647;534771586;1236606834;
174156647;1236606834;429884612;
174156647;429884612;1873677753;
174156647;1873677753;429884609;
174156651;2708987584;2708987550;
174156651;2708987550;2708987652;
174156651;2708987652;691556943;
174156651;691556943;2708987579;
174156651;2708987579;1236606833;
174156651;1236606833;2708987551;
174156658;4654981731;1848794991;
174156658;1848794991;552934896;
174156658;552934896;553017694;
174156658;553017694;190570665;
174156658;190570665;534771595;
174156658;534771595;190570670;
176881270;1873677590;1873677631;
176881270;1873677631;1848622844;
176881270;1848622844;1848795458;
176881271;553017695;1873677604;
176881271;1873677604;1873677771;
176881271;1873677771;1873677735;
176881273;1848611395;1873677639;
176881273;1873677639;1873677637;
176881273;1873677637;1848622905;
176881273;1848622905;1848622868;
176881273;1848622868;1848622850;
176881273;1848622850;1848622892;
176881273;1848622892;1848622863;
176881274;1873677651;1873677787;
176881274;1873677787;1873677759;
176881275;1873677618;1873677593;
176881275;1873677593;1873677798;
176881275;1873677798;1880805826;
176881275;1880805826;2709120751;
176881275;2709120751;1880805737;
176881275;1880805737;2709120746;
176881275;2709120746;1873677575;
176881277;1873677604;1873677558;
176881277;1873677558;1873677676;
176881280;1848629650;1873677748;
176881282;1848611405;1873677590;
176881283;553017695;1873677577;
176881283;1873677577;1873677672;
176881283;1873677672;1873677750;
176881283;1873677750;1873677641;
176881283;1873677641;1873677672;
176881284;1873677674;1873677606;
176881284;1873677606;1873677757;
176881284;1873677757;1873677785;
176881286;1848611388;1238508824;
176881286;1238508824;1848622910;
176881288;1873677669;2709120747;
176881288;2709120747;1880805811;
176881288;1880805811;2709120749;
176881288;2709120749;1873677556;
176881288;1873677556;1873677603;
176881288;1873677603;2709120783;
176881288;2709120783;1873677618;
176881288;1873677618;1873677610;
176881288;1873677610;1873677670;
176881288;1873677670;1873677612;
176881288;1873677612;1873677590;
176881288;1873677590;1873677643;
176881288;1873677643;1873677639;
176881288;1873677639;2709120743;
176881291;1873677636;3614680898;
176881291;3614680898;3614680897;
176881291;3614680897;3614680896;
176881291;3614680896;1873677594;
176881291;1873677594;3614680895;
176881291;3614680895;1873677601;
176881291;1873677601;3614680894;
176881291;3614680894;3611616631;
176881291;3611616631;3611616630;
176881291;3611616630;3615009243;
176881291;3615009243;3615009227;
176881291;3615009227;1873677761;
176881291;1873677761;1873677634;
176881291;1873677634;3614679878;
176881291;3614679878;1873677581;
176881294;1873677713;1873677680;
176881294;1873677680;1873677690;
176881296;190570665;1873677595;
176881297;2708987551;1873677753;
176881298;1873677690;1873677802;
176881302;1873677686;1873677733;
176881304;1238946120;1873677659;
176881304;1873677659;1873677567;
176881305;1873677556;1876938911;
176881305;1876938911;1876938868;
176881305;1876938868;1848622890;
176881305;1848622890;691556943;
176881306;429884609;190570670;
176881306;190570670;2708987546;
176881308;1873677653;1877877153;
176881308;1877877153;1848629695;
176881314;1873677571;1873677717;
176881314;1873677717;1873677715;
176881314;1873677715;1873677579;
176881314;1873677579;1873677729;
176881314;1873677729;1873677749;
176881314;1873677749;1873677707;
176881314;1873677707;2708987583;
176881315;1873677735;1873677696;
176881315;1873677696;1873677657;
176881316;1873677757;1873677635;
176881316;1873677635;1873677629;
176881317;553017696;1873677769;
176881317;1873677769;1873677765;
176881317;1873677765;1873677793;
176881318;1873677716;1312528747;
176881321;1848629689;1873677653;
176881321;1873677653;1848611388;
176881327;1873677563;1873677573;
176881327;1873677573;698089579;
176881328;1873677620;1873677696;
176881333;1873677567;1873677708;
176881337;1873677577;1873677659;
176881338;1873677723;1873677795;
176881340;1873677569;1873677711;
176881340;1873677711;1873677709;
176881340;1873677709;2707994384;
176881340;2707994384;1873677733;
176881340;1873677733;1873677563;
176881341;1873677785;1873696500;
176881341;1873696500;2256109855;
176881341;2256109855;1312491235;
176881347;1312528743;1873677788;
176881347;1873677788;1873677789;
176881347;1873677789;1873677754;
176881347;1873677754;1873677616;
176881347;1873677616;1873677614;
176881347;1873677614;1873677675;
176881348;1873677769;1873677731;
176881348;1873677731;1873677708;
176881349;1873677655;552934896;
176881350;1873677643;1873677773;
176881350;1873677773;1848622896;
176881352;552934896;536763900;
176881352;536763900;552926012;
176881352;552926012;1237704075;
176881352;1237704075;1873677561;
176881352;1873677561;1873677680;
176881354;1873677755;2597235290;
176881354;2597235290;1873677592;
176881354;1873677592;1848622905;
176881355;1873677620;1873677727;
176881355;1873677727;1873677554;
176881355;1873677554;1873677647;
176881355;1873677647;1873677746;
176881355;1873677746;1873677721;
176881358;1873677682;2708074328;
176881358;2708074328;1873677676;
176881358;1873677676;1873677804;
176881359;1873677591;530717390;
176881359;530717390;530717391;
176881359;530717391;698089618;
176881359;698089618;1237230245;
176881359;1237230245;1238946120;
176881360;1873677747;1873677657;
176881360;1873677657;2707994385;
176881360;2707994385;1873677686;
176881360;1873677686;1873677793;
176881362;1873677771;1873677684;
176881362;1873677684;1873677804;
176881362;1873677804;1873677752;
176881362;1873677752;1873677795;
176881362;1873677795;1848795458;
176881363;1848622884;2226709832;
176881363;2226709832;1873677592;
176881364;1873677618;1873677632;
176881364;1873677632;1873677599;
176881364;1873677599;1873677673;
176881366;2708987548;1873677688;
176881366;1873677688;1873677649;
176881366;1873677649;1873677725;
176881369;1873677787;1873677767;
176881370;1312528697;1873677557;
176881370;1873677557;1873677763;
176885668;1873696537;1873696463;
176885668;1873696463;2892488513;
176885668;2892488513;1873696452;
176885668;1873696452;1873696462;
176885668;1873696462;1873696734;
176885670;1873696482;1873696542;
176885670;1873696542;2460337242;
176885670;2460337242;1873696543;
176885670;1873696543;1873696552;
176885672;1873696648;1873696436;
176885672;1873696436;1873696626;
176885672;1873696626;1873696647;
176885673;1873696757;1873696647;
176885673;1873696647;1880805777;
176885682;1873696674;1880805859;
176885682;1880805859;1873696425;
176885684;1873696462;1873696432;
176885685;1873696460;1873696521;
176885685;1873696521;1873696650;
176885690;1873696542;1873696517;
176885690;1873696517;1873696478;
176885690;1873696478;1873696765;
176885690;1873696765;2460337240;
176885690;2460337240;1873696536;
176885690;1873696536;2460337241;
176885690;2460337241;1873696740;
176885690;1873696740;1873696478;
176885692;190573066;2714974437;
176885692;2714974437;1873696509;
176885692;1873696509;1873696694;
176885694;552925943;1873696452;
176885696;1873696462;552925942;
176885696;552925942;693844223;
176885696;693844223;1873696540;
176885697;190573066;1873696648;
176885697;1873696648;1312491237;
176885702;1873696465;1873696582;
176885706;1312491237;1873696541;
176885706;1873696541;1873696465;
176885706;1873696465;1873696501;
176885706;1873696501;2714974438;
176885706;2714974438;1873696499;
177237717;1876938893;1876938827;
177237720;1236606805;1876938812;
177237720;1876938812;1876938879;
177237720;1876938879;1876938882;
177237720;1876938882;1236606814;
177237723;1876938879;1876938890;
177237727;1876938932;1876938817;
177237727;1876938817;1876938856;
177237727;1876938856;1876938858;
177237727;1876938858;1236606774;
177237738;1876938820;1876938834;
177237738;1876938834;1237826149;
177237739;1876938797;1876938920;
177237739;1876938920;1876938866;
177237739;1876938866;1876938845;
177237740;1876938911;1876938886;
177237740;1876938886;1876938796;
177237740;1876938796;1236606816;
177237741;1237230603;1876938865;
177237743;1237761265;429932415;
177237744;1237230603;1876938918;
177237749;1876938912;1876938825;
177237749;1876938825;1876938937;
177237749;1876938937;1876938922;
177237749;1876938922;1876938857;
177237749;1876938857;1876938931;
177237749;1876938931;1876938806;
177326203;1848603066;1877816663;
177326203;1877816663;1877816429;
177326264;1877816663;1877815742;
177338718;1877876869;1877876461;
177338718;1877876461;1877876999;
177338718;1877876999;2714986051;
177338718;2714986051;1877876412;
177338718;1877876412;1877876513;
177338727;1877876628;1877876637;
177338727;1877876637;1877876712;
177338727;1877876712;1877877220;
177338733;1877876601;1877876783;
177338738;1877876481;1877876417;
177338740;1848611371;1877877026;
177338741;1877877190;1877876484;
177338742;1877877135;1877877190;
177338742;1877877190;1877877235;
177338742;1877877235;1877877144;
177338742;1877877144;1877877160;
177338742;1877877160;2460439259;
177338742;2460439259;1877876527;
177338742;1877876527;2882697834;
177338742;2882697834;2882697838;
177338742;2882697838;2882697842;
177338742;2882697842;1873677595;
177338749;1873696517;1877876478;
177338749;1877876478;1877877018;
177338749;1877877018;1877877011;
177338750;1877877235;1877876818;
177338757;1877876643;1877876414;
177338764;429960730;1877876476;
177338764;1877876476;1877876758;
177338764;1877876758;1877876390;
177338764;1877876390;1877876646;
177338764;1877876646;1877876463;
177338764;1877876463;1877876474;
177338766;1877876961;1877876627;
177338766;1877876627;1877877184;
177338766;1877877184;1877876516;
177338766;1877876516;1877876907;
177338766;1877876907;1848611395;
177338772;1877877153;1877876702;
177338778;1877877144;1877876750;
177338779;1877876951;2882697841;
177338779;2882697841;2882697835;
177338779;2882697835;2882697832;
177338779;2882697832;1877876729;
177338779;1877876729;1877876674;
177338779;1877876674;2882697831;
177338779;2882697831;1877876454;
177338783;1877876914;1816549315;
177338783;1816549315;2882697839;
177338783;2882697839;1877877135;
177338783;1877877135;1877876605;
177338783;1877876605;1877876484;
177338783;1877876484;1877876818;
177338783;1877876818;1877876750;
177338783;1877876750;1877876351;
177338783;1877876351;1877877160;
177338784;1237703868;1877876525;
177338784;1877876525;1877876751;
177338784;1877876751;1877876439;
177338784;1877876439;1877877141;
177338784;1877877141;1877876497;
177338784;1877876497;1877876488;
177338784;1877876488;1877876549;
177338788;1877876370;1877877038;
177338790;1877877182;2460438935;
177338790;2460438935;1877876601;
177338790;1877876601;1877876643;
177338790;1877876643;1877876626;
177338790;1877876626;1877876961;
177338792;1877876626;1877876363;
177338792;1877876363;2460438931;
177338792;2460438931;1877877133;
177338792;1877877133;1877877109;
177338792;1877877109;1877877099;
177338792;1877877099;1877876507;
177338792;1877876507;1877876624;
177338792;1877876624;1877876426;
177338792;1877876426;2460438933;
177338792;2460438933;1877876363;
177338793;2708987544;1877877126;
177338793;1877877126;1877876407;
177338793;1877876407;1877876706;
177338793;1877876706;2460354176;
177338793;2460354176;1877876672;
177338793;1877876672;1877877241;
177338793;1877877241;1877877255;
177338793;1877877255;1877876375;
177338794;534771586;1877876523;
177338794;1877876523;1877876541;
177338794;1877876541;429884613;
177338795;1848614245;1877876370;
177338795;1877876370;1877876481;
177338795;1877876481;1877877182;
177338795;1877877182;1848614239;
177338799;1877876837;1877876441;
177338799;1877876441;1848611396;
177338817;1877876690;1877877051;
177338817;1877877051;1877876396;
177338817;1877876396;1877877260;
177338817;1877877260;1877877032;
177338817;1877877032;1877876498;
177383215;698089589;1236606827;
177383215;1236606827;1876938831;
177383215;1876938831;1236606771;
177383219;2204513694;2204513691;
177383219;2204513691;2204513693;
177383219;2204513693;2204513704;
177383219;2204513704;2204513696;
177383219;2204513696;1873696482;
177383220;1873696552;2460337243;
177383220;2460337243;1873696430;
177383220;1873696430;1873696482;
177383221;1312491237;1873696466;
177383221;1873696466;1873696728;
177383221;1873696728;1873696668;
177383221;1873696668;1873696552;
177383224;1873677796;1873677567;
177383226;1877876961;1877876670;
177383229;1873677690;1873677796;
177383233;1873677785;1876938797;
177383233;1876938797;1873677645;
177383233;1873677645;1873677629;
177383233;1873677629;1873677610;
177383234;666935057;1848795187;
177383234;1848795187;1880805638;
177383234;1880805638;1876938940;
177383234;1876938940;533995215;
177383237;1873696582;1873696438;
177383237;1873696438;1873696468;
177383237;1873696468;1873696576;
177383237;1873696576;1873696574;
177383237;1873696574;1873696558;
177383237;1873696558;1873696582;
177391353;1873677725;1873677714;
177391353;1873677714;1873677791;
177391353;1873677791;1873677786;
177391353;1873677786;2707994383;
177391353;2707994383;1873677719;
177391353;1873677719;1873677716;
177391357;1873677793;1873677794;
177391357;1873677794;1873677731;
177391358;1873677796;1873677678;
177391358;1873677678;1873677651;
177391360;1848622848;1848611385;
177391362;1873677651;1873677759;
177391362;1873677759;1873677630;
177391362;1873677630;698089620;
177391366;2708987584;1848795458;
177391366;1848795458;552934813;
177391366;552934813;1848622863;
177391368;1848611366;1848611373;
177391368;1848611373;1877877220;
177391368;1877877220;1848611393;
177391368;1848611393;1848611381;
177391368;1848611381;1848622901;
177391368;1848622901;1848611382;
177391368;1848611382;1848614237;
177391368;1848614237;1848614256;
177391373;429932398;1876938893;
177391373;1876938893;552925927;
177391375;2708987551;1876938806;
177391375;1876938806;1236606816;
177391375;1236606816;1873677669;
177391375;1873677669;1876938912;
177391375;1876938912;533995203;
177391375;533995203;1873677575;
177391375;1873677575;1880805858;
177391375;1880805858;1873696674;
177391375;1873696674;666935057;
210361654;1236606815;1236606784;
210361654;1236606784;1236606829;
210361654;1236606829;1236606785;
210361656;2204404885;1236606785;
210372896;2204513704;2204513689;
210372898;1873696482;1848611405;
212023543;1237230245;1312528722;
212023543;1312528722;1312528720;
212023543;1312528720;1312528698;
212023543;1312528698;1312528675;
212023543;1312528675;1312528679;
212023543;1312528679;1312528696;
212023543;1312528696;698089588;
212875651;2226709827;2226709834;
212875652;2226709831;2226709836;
212875653;2226709825;2226709827;
212875653;2226709827;2226709831;
212875653;2226709831;2226709832;
212887971;190573086;2226794307;
216260800;1312491235;1312491226;
221471295;190573080;2305002112;
221471295;2305002112;1848795385;
221471296;2596676674;4844665844;
221471296;4844665844;1876938867;
221471296;1876938867;4844665851;
221471296;4844665851;4844665853;
221471296;4844665853;4844665854;
221471296;4844665854;4844665852;
221471296;4844665852;1848794877;
221471296;1848794877;485948192;
221471296;485948192;4844665855;
221471296;4844665855;190573087;
221471296;190573087;429884646;
221471296;429884646;190573086;
238182767;1877877255;1877877126;
238183784;2460362019;2460362026;
238183784;2460362026;2460362022;
238183784;2460362022;1873677713;
238183787;2460362026;2460362030;
238191755;2460439259;2882697837;
238191755;2882697837;2882697840;
238191755;2882697840;2882697843;
238191755;2882697843;1877876581;
253785401;2596676698;1876938844;
253785401;1876938844;1876938852;
253785401;1876938852;1876938829;
253785401;1876938829;1876938828;
253785401;1876938828;1876938851;
253785401;1876938851;1876938846;
253785401;1876938846;1876938860;
253785402;2596734716;2596734718;
253785402;2596734718;2596734719;
253785402;2596734719;2596676674;
253785402;2596676674;4844665849;
253785402;4844665849;2596676683;
253785402;2596676683;2596734704;
253785402;2596734704;2596734706;
253785402;2596734706;4844665848;
253785402;4844665848;4844665860;
253785402;4844665860;2596734707;
253785402;2596734707;4844665846;
253785402;4844665846;2596676691;
253785402;2596676691;2596734711;
253785402;2596734711;2596676698;
253785402;2596676698;2596734713;
253785402;2596734713;2596676667;
253785402;2596676667;2596734714;
253785402;2596734714;4844665850;
253785402;4844665850;2596676679;
253785402;2596676679;2596734716;
253785403;1237761265;2596676703;
253788341;4844665846;4844665845;
253788341;4844665845;4844665860;
253844222;1237230344;4617394479;
253844222;4617394479;1236615671;
253844222;1236615671;1848795660;
253844222;1848795660;1237826481;
253844222;1237826481;1876938870;
253844222;1876938870;693844232;
265142149;2707994383;2707994384;
265142150;1873677709;2707994385;
265142698;1873677573;1873677633;
265142699;1873677802;1873677561;
265142699;1873677561;1873677792;
265142700;1873677802;1873677767;
265142700;1873677767;664906317;
265142700;664906317;1873677763;
265142700;1873677763;552934895;
265142700;552934895;553017694;
265142700;553017694;190570663;
265142701;1873677802;1873677678;
265147099;1873677708;1873677563;
265147099;1873677563;1873677716;
265147099;1873677716;533988738;
265147099;533988738;534771595;
265147099;534771595;534771593;
265147100;1873677630;1873677633;
265147100;1873677633;1873677708;
265147101;1873677735;1873677765;
265147102;1873677735;1873677571;
265147103;1873677752;2708074329;
265147103;2708074329;2708074327;
265147103;2708074327;1873677671;
265147105;1873677620;1873677571;
265147105;1873677571;1873677684;
265147105;1873677684;1873677558;
265147105;1873677558;1873677583;
265147106;1873677725;1873677569;
265147106;1873677569;2708074330;
265147106;2708074330;1873677747;
265147106;1873677747;1873677620;
265246473;1873696589;1873696684;
265246473;1873696684;1873696511;
265246473;1873696511;1873696507;
265246473;1873696507;1873696500;
265246477;2709120743;1873677597;
265246477;1873677597;1877876837;
265246477;1877876837;1848614256;
265246490;1312491226;1873696506;
265246490;1873696506;1880805744;
265246490;1880805744;1873696428;
265246490;1873696428;1873696425;
265246490;1873696425;666935057;
265422749;1848622863;1848622896;
265422749;1848622896;1848622844;
265422749;1848622844;2710900008;
265422749;2710900008;2710900011;
265422749;2710900011;2710900013;
265422749;2710900013;1873677673;
265422749;1873677673;1848622890;
265422750;1848622905;1848622919;
265422750;1848622919;1848622867;
265422750;1848622867;2226709825;
265422750;2226709825;1848622918;
265422750;1848622918;1848622907;
265422750;1848622907;1848622901;
265422751;1873677612;1873677790;
265422752;1873677790;1873677631;
265422752;1873677631;1873677773;
265422752;1873677773;1873677637;
265534789;552925927;2892488254;
265534789;2892488254;693844220;
265534789;693844220;698089629;
265534789;698089629;552925938;
265534791;1237826149;1848795626;
265534791;1848795626;1237826470;
265534791;1237826470;1237826529;
265534791;1237826529;1848795692;
265534791;1848795692;1236615645;
265534792;693844232;1876938820;
265534792;1876938820;1876938932;
265534792;1876938932;693844226;
265534793;2711973682;2711973684;
265534794;2711973684;1237230461;
265534795;2711973685;2893780298;
265534795;2893780298;2711973687;
265890400;1873696694;1873696681;
265890400;1873696681;1873696499;
265890400;1873696499;1576596392;
265890400;1576596392;1236615719;
265890792;693844226;1873696537;
265890792;1873696537;3701349590;
265890792;3701349590;1236606774;
265892012;1873677674;1848611368;
265892012;1848611368;1848611370;
265892012;1848611370;2256109856;
265892012;2256109856;1312491235;
265892013;1848614256;1848611396;
265892013;1848611396;1848611395;
265892013;1848611395;1848611364;
265892013;1848611364;1848611410;
265892013;1848611410;1848611405;
265892013;1848611405;2204513689;
265892013;2204513689;1873677674;
265892014;1848611388;1848611371;
265892014;1848611371;1848611366;
265892432;1880805777;1880805669;
265892432;1880805669;1873696428;
266478110;552967805;552925980;
266478110;552925980;552925977;
266478110;552925977;552925976;
266478110;552925976;1848795774;
266489402;2720297126;2720297127;
266489402;2720297127;2720297128;
266489402;2720297128;2720297129;
266489402;2720297129;2720297130;
266489402;2720297130;2720297131;
266489402;2720297131;3627827816;
266489402;3627827816;2720297132;
266489402;2720297132;2720297133;
266489402;2720297133;2720297134;
266489402;2720297134;2720297135;
266489402;2720297135;2720297137;
266489402;2720297137;2720297136;
266489402;2720297136;3627827815;
266489402;3627827815;3627827814;
266489402;3627827814;3627827809;
266489402;3627827809;1873677614;
284532173;664906317;552926012;
284532174;552926012;552926025;
284532174;552926025;1237703788;
284532174;1237703788;1236615693;
285738823;1876938918;2893780531;
285738823;2893780531;2893780293;
285740330;1236615693;1237704082;
285740330;1237704082;1237703838;
285740330;1237703838;1237703982;
285740330;1237703982;1237704000;
285740330;1237704000;1237703963;
285740330;1237703963;1237703783;
285740330;1237703783;1237703918;
285740330;1237703918;1237704075;
366144425;1848796028;1848656357;
366144425;1848656357;1880805615;
366144425;1880805615;5321741072;
366144425;5321741072;429951233;
366144425;429951233;1880805783;
366144425;1880805783;3701348020;
471334467;4654981709;4654981729;
471334467;4654981729;4654981693;
471334467;4654981693;4654981730;
471334467;4654981730;5341092019;
471334468;1576580330;1848317613;
471334468;1848317613;1848795127;
471334468;1848795127;1848795380;
471334468;1848795380;1238508850;
471334469;4654981710;4654981702;
471334469;4654981702;4654981703;
471334469;4654981703;4654981698;
471334469;4654981698;4654981738;
471334469;4654981738;1576580330;
471334469;1576580330;1364714718;
471334469;1364714718;4654981700;
471334469;4654981700;4654981735;
471334469;4654981735;4654981704;
471334469;4654981704;4654981705;
471334469;4654981705;4654981706;
471334469;4654981706;4654981733;
471334469;4654981733;552934897;
471334469;552934897;4654981707;
471334469;4654981707;4654981708;
471334469;4654981708;4654981734;
471334469;4654981734;4654981709;
471334469;4654981709;4654981701;
471334469;4654981701;4654981694;
471334469;4654981694;4654981695;
471334469;4654981695;4654981696;
471334469;4654981696;4654981697;
471334469;4654981697;4654981742;
471334469;4654981742;4654981710;
471334470;552934897;4654981728;
471334470;4654981728;4654981731;
471334471;4654981736;4654981731;
471334472;5341092019;4654981740;
471334472;4654981740;4654981741;
471334472;4654981741;4654981696;
471334473;4654981742;4654981743;
471334473;4654981743;4654981744;
471334473;4654981744;4654981739;
473061936;4268849082;4268849085;
473061936;4268849085;4268849189;
473061936;4268849189;4268849191;
473061936;4268849191;4268849087;
473061936;4268849087;4268849086;
473061936;4268849086;4268849083;
473061936;4268849083;4268849080;
473061936;4268849080;4268849081;
473061936;4268849081;4268849190;
473061936;4268849190;4268849088;
473061936;4268849088;4268849084;
473061936;4268849084;4268849079;
473061936;4268849079;4672327469;
473061936;4672327469;4268849078;
473061936;4268849078;4672327456;
492444504;2596676683;429884645;
492444504;429884645;2596734706;
492444505;4844665861;1876938850;
492444505;1876938850;2596704977;
492444505;2596704977;2596704979;
553297283;5341092019;4654981739;
553297285;5341092019;1873677655;
553297285;1873677655;190570663;
553297285;190570663;1877876951;
553297285;1877876951;1873677595;
553297285;1873677595;190570664;
553297285;190570664;1877876581;
553297285;1877876581;534771593;
553297285;534771593;1877876914;
553297285;1877876914;3687567170;
553297285;3687567170;429884609;
