170140217;2785136760;2785136759;
170140217;2785136759;2785136758;
170140217;2785136758;2785136756;
170140217;2785136756;2785136755;
170140217;2785136755;2785136754;
170140217;2785136754;2785136753;
170140217;2785136753;2785136752;
170140217;2785136752;2785136750;
170140217;2785136750;2785136749;
170140217;2785136749;5309962904;
170140217;5309962904;2785136747;
170140217;2785136747;2785136746;
170140217;2785136746;2785136744;
170140217;2785136744;2785136743;
170140219;1845297576;1845297503;
170140219;1845297503;1845297453;
170140219;1845297453;1845297444;
170140220;1812878304;1812878300;
170140220;1812878300;1812878298;
170140220;1812878298;1812878295;
170140220;1812878295;3878906702;
170140220;3878906702;1812878291;
170140220;1812878291;1812878290;
170140220;1812878290;3878906701;
170140220;3878906701;1812878288;
173773436;5280019964;1845297629;
173773436;1845297629;1845297631;
173773436;1845297631;3617402304;
173773436;3617402304;1845297635;
173773436;1845297635;1845297655;
173773436;1845297655;5280019962;
173773436;5280019962;1845297658;
173773436;1845297658;5280019961;
173773437;1845298238;3006855726;
173773437;3006855726;2119289986;
173773437;2119289986;1845298240;
173773437;1845298240;3006855725;
173773437;3006855725;1845298242;
173773437;1845298242;1845298245;
173773437;1845298245;3006855724;
173773437;3006855724;1845298252;
173773437;1845298252;3616544282;
173773437;3616544282;3006855722;
173773437;3006855722;5285609705;
173773439;1845298357;1845298364;
173773439;1845298364;1845298358;
173773439;1845298358;5285609701;
173773439;5285609701;1845298360;
173773439;1845298360;1845298362;
173773439;1845298362;1845298363;
173773439;1845298363;1845298367;
173773439;1845298367;1845298369;
173773439;1845298369;1845298370;
173773439;1845298370;3005872002;
173773439;3005872002;1845298373;
173773440;1812878258;1845296990;
173773440;1845296990;3877308147;
173773440;3877308147;3877308146;
173773440;3877308146;3877308134;
173773440;3877308134;3877308133;
173773440;3877308133;1845297003;
173773440;1845297003;1845297048;
173773440;1845297048;5279996203;
173773441;5279996202;1845297079;
173773441;1845297079;1845297109;
173773441;1845297109;1845297154;
173773441;1845297154;1845297197;
173773441;1845297197;3617401837;
173773441;3617401837;1845297211;
173773441;1845297211;1845297246;
173773441;1845297246;1845297276;
173773441;1845297276;1845297289;
173773441;1845297289;1845297349;
173773441;1845297349;5280019963;
173773441;5280019963;5280019964;
173773446;5285605706;1845298079;
173773446;1845298079;1845298080;
173773446;1845298080;5274003989;
173773446;5274003989;1845298083;
173773446;1845298083;1845298090;
173773446;1845298090;5285605703;
173773446;5285605703;2785136645;
173773446;2785136645;2785136648;
173773446;2785136648;2785136660;
173773446;2785136660;2785136666;
173773446;2785136666;2785136667;
173773446;2785136667;2785136668;
173773446;2785136668;2785136669;
173773446;2785136669;1845298117;
173773446;1845298117;2785136670;
173773446;2785136670;2785136672;
173773446;2785136672;2785136675;
173773446;2785136675;2785136678;
173773446;2785136678;2785136680;
173773446;2785136680;2785136682;
173773446;2785136682;2785136685;
173773446;2785136685;2785136686;
173773446;2785136686;3616544510;
173773446;3616544510;2785136688;
173773446;2785136688;1845298136;
173773446;1845298136;1845298138;
173773446;1845298138;1845298139;
173773446;1845298139;1845298140;
173773446;1845298140;1845298141;
173773446;1845298141;1845298143;
173773446;1845298143;1845298145;
173773446;1845298145;3609977061;
173773447;5281646969;5281646964;
173773447;5281646964;1845297747;
173773449;5285609707;5285609706;
173773453;1845298226;1845298238;
173773456;5283630454;2119289963;
173773456;2119289963;2119289964;
173773456;2119289964;5283630455;
173773458;5309962908;1845298351;
173773458;1845298351;1845298350;
173773458;1845298350;1845298347;
173773458;1845298347;2785136734;
173773458;2785136734;1845298344;
173773459;5285609705;5285609704;
173773459;5285609704;5285609707;
173773463;5279996204;3877298950;
173773463;3877298950;2119289925;
173773463;2119289925;1845297695;
173773463;1845297695;3877298951;
173773463;3877298951;1845297657;
173773463;1845297657;5279965486;
173773464;5283630455;1845298045;
173773464;1845298045;3006868338;
173773464;3006868338;1845298047;
173773464;1845298047;3006868339;
173773464;3006868339;1845298048;
173773465;1845297992;1845298005;
173773465;1845298005;1845298013;
173773465;1845298013;1845298019;
173773465;1845298019;1845298021;
173773465;1845298021;1845298024;
173773465;1845298024;3871636527;
173773465;3871636527;1845298028;
173773465;1845298028;1845298023;
173773465;1845298023;1845298026;
173773465;1845298026;1845298031;
173773465;1845298031;1845298030;
173773465;1845298030;1845298029;
173773465;1845298029;1845298025;
173773465;1845298025;1845298022;
173773465;1845298022;1845298014;
173773465;1845298014;1845298011;
173773465;1845298011;1845298008;
173773465;1845298008;1845298007;
173773465;1845298007;1845298006;
173773465;1845298006;1845298004;
173773465;1845298004;1845298001;
173773465;1845298001;1845297988;
173773465;1845297988;1845297972;
173773465;1845297972;1845297950;
173773465;1845297950;1845297941;
173773465;1845297941;1845297933;
173773465;1845297933;1845297923;
173773465;1845297923;1845297901;
173773465;1845297901;1845297892;
173773465;1845297892;1845297878;
173773465;1845297878;1845297862;
173773465;1845297862;1845297854;
173773465;1845297854;1845297847;
173773465;1845297847;1845297797;
173773465;1845297797;1845297741;
173773465;1845297741;1845297728;
173773465;1845297728;1845297708;
173773465;1845297708;1845297692;
173773465;1845297692;1845297663;
173773465;1845297663;1845297624;
173773465;1845297624;2785136491;
173773465;2785136491;1845297471;
173773465;1845297471;1845297455;
173773465;1845297455;1845297298;
173773465;1845297298;1845297250;
173773465;1845297250;1845297209;
173773465;1845297209;1845297165;
173773465;1845297165;1845297134;
173773465;1845297134;1845297113;
173773466;5308177366;1845298134;
173773466;1845298134;1845298131;
173773466;1845298131;5274105414;
173773466;5274105414;1845298130;
173773466;1845298130;1845298129;
173773466;1845298129;1845298127;
173773467;1845297444;1845297510;
173773467;1845297510;1845297616;
173773467;1845297616;1845297656;
173773467;1845297656;1845297662;
173773467;1845297662;1845297694;
173773467;1845297694;1845297706;
173773468;5308177369;5308177368;
173773468;5308177368;5308177363;
173773468;5308177363;1845298154;
173773468;1845298154;1845298153;
173773468;1845298153;2785136723;
173773468;2785136723;1845298152;
173773468;1845298152;5274105411;
173773468;5274105411;5274105412;
173773468;5274105412;5274105413;
173773468;5274105413;1845298151;
173773469;1845298053;2785136508;
173773469;2785136508;1845298054;
173773469;1845298054;1845298055;
173773469;1845298055;1845298057;
173773469;1845298057;1845298059;
173773469;1845298059;1845298060;
173773469;1845298060;5342599157;
173773469;5342599157;1845298062;
173773469;1845298062;5342599156;
173773469;5342599156;5342599155;
173773469;5342599155;5342599154;
173773469;5342599154;5342599153;
173773469;5342599153;5342599152;
173773469;5342599152;5342599151;
173773469;5342599151;5342599150;
173773469;5342599150;5342599149;
173773469;5342599149;5342599148;
173773470;1845297530;5279931508;
173773470;5279931508;5280019965;
173773470;5280019965;5274105406;
173773471;5281646967;1845297705;
173773471;1845297705;1845297697;
173773471;1845297697;1845297681;
173773471;1845297681;1845297669;
173773471;1845297669;2119289924;
173773471;2119289924;1845297673;
173773471;1845297673;5280019959;
173773473;5281646969;1845297727;
173773473;1845297727;1845297729;
173773473;1845297729;1845297739;
173773473;1845297739;1845297752;
173773473;1845297752;1845297793;
173773473;1845297793;5283578724;
173773473;5283578724;5283578723;
173773474;5281646965;1845297719;
173773474;1845297719;1845297717;
173773474;1845297717;5281646966;
173773474;5281646966;5281646967;
173773475;1812878275;1845297076;
173773475;1845297076;1845297074;
173773475;1845297074;1845297075;
173773475;1845297075;1845297082;
173773475;1845297082;1845297089;
173773475;1845297089;1845297111;
173773475;1845297111;1845297120;
173773475;1845297120;3616299404;
173773475;3616299404;1845297113;
201922209;1812878262;3871194757;
201922209;3871194757;3871194756;
201922209;3871194756;3871194755;
201922209;3871194755;3871194754;
201922209;3871194754;3871194753;
201922209;3871194753;3005871999;
201922211;1845298177;2119289971;
201922211;2119289971;1812878346;
201922211;1812878346;2119289970;
201922211;2119289970;5308177369;
201922211;5308177369;3006868342;
201922211;3006868342;2119289968;
201922211;2119289968;3609472521;
201922211;3609472521;1812878336;
201922211;1812878336;1845298150;
201922211;1845298150;1812878334;
201922211;1812878334;1845298147;
201922211;1845298147;1812878330;
201922211;1812878330;1845298144;
201922211;1845298144;1845298142;
201922211;1845298142;1812878328;
201922211;1812878328;3006868341;
201922211;3006868341;1845298137;
201922211;1845298137;1812878326;
201922211;1812878326;1845298135;
201922211;1845298135;5308177366;
201922211;5308177366;1845298132;
201922211;1845298132;4392043339;
201922211;4392043339;4973442725;
201922212;1812878371;1845298255;
201922213;1812878348;1845298177;
201922219;1845298255;1845298254;
201922219;1845298254;1812878369;
201922219;1812878369;5308177364;
201922219;5308177364;1812878368;
201922219;1812878368;1845298244;
201922219;1845298244;1812878365;
201922219;1812878365;2119289987;
201922219;2119289987;1812878363;
201922219;1812878363;2119289981;
201922219;2119289981;1812878361;
201922219;1812878361;2119289978;
201922219;2119289978;3006868344;
201922219;3006868344;1812878358;
201922219;1812878358;5308177365;
201922219;5308177365;1812878357;
201922219;1812878357;2119289976;
201922219;2119289976;2119289973;
201922219;2119289973;1812878355;
201922219;1812878355;1845298193;
201922219;1845298193;1812878353;
201922219;1812878353;2119289972;
201922219;2119289972;1812878351;
201922219;1812878351;3006868343;
201922219;3006868343;1812878348;
201922230;1845297450;3005872001;
201922230;3005872001;3615928976;
201922230;3615928976;2119289895;
201922230;2119289895;2119289892;
201922230;2119289892;2119289891;
201922231;5281705205;2119289832;
201922231;2119289832;2119289848;
201922231;2119289848;2119289852;
201922231;2119289852;2119289853;
201922231;2119289853;2119289871;
201922231;2119289871;2614552611;
273307693;5308177368;2781754139;
273307693;2781754139;2781754141;
273307693;2781754141;2781754142;
273307693;2781754142;2781754143;
273307693;2781754143;2781754144;
273307693;2781754144;2781754146;
273307693;2781754146;2781754147;
273307693;2781754147;3616503301;
273307693;3616503301;2781754148;
273307693;2781754148;2781754149;
273307693;2781754149;2781754150;
273307693;2781754150;2781754151;
273307693;2781754151;2781754152;
273307693;2781754152;2781754153;
273307693;2781754153;2781754154;
273307693;2781754154;2781754155;
273307693;2781754155;2781754156;
273307693;2781754156;2781754157;
273307693;2781754157;2781754158;
273307693;2781754158;2781754160;
273307693;2781754160;3877381970;
273307693;3877381970;2781754166;
273307693;2781754166;2781754168;
273307693;2781754168;2781754169;
273307693;2781754169;5308177362;
273307693;5308177362;2781754172;
273307693;2781754172;2781754173;
273307693;2781754173;2781754174;
273307693;2781754174;2781754176;
273307693;2781754176;2781754177;
273307693;2781754177;2781754178;
273307693;2781754178;2781754179;
273307693;2781754179;2781754180;
273307693;2781754180;2781754181;
273307693;2781754181;2781754182;
273307693;2781754182;2781754183;
273307693;2781754183;2781754184;
273307693;2781754184;2781754185;
273307693;2781754185;2781754186;
273307693;2781754186;2781754187;
273307693;2781754187;2781754188;
273307693;2781754188;2781754189;
273307693;2781754189;2781754191;
273307693;2781754191;2781754192;
273307693;2781754192;2781754193;
273307693;2781754193;2781754194;
273307693;2781754194;2781754195;
273307693;2781754195;2781754196;
273307693;2781754196;2781754197;
273307693;2781754197;2781754198;
273307693;2781754198;2781754199;
273307693;2781754199;2781754200;
273307693;2781754200;2781754201;
273307693;2781754201;2781754203;
273307693;2781754203;2781754204;
273307693;2781754204;5275195277;
273307694;5308177362;2781754167;
273307694;2781754167;2781754165;
273307694;2781754165;2781754164;
273307694;2781754164;2781754163;
273307694;2781754163;2781754162;
273307694;2781754162;2781754161;
273679549;2785136484;2785136485;
273679549;2785136485;2785136487;
273679549;2785136487;2785136488;
273679549;2785136488;2785136489;
273679549;2785136489;2785136490;
273679549;2785136490;2785136494;
273679549;2785136494;2785136495;
273679549;2785136495;2785136496;
273679549;2785136496;2785136499;
273679549;2785136499;2785136498;
273679549;2785136498;2785136491;
273679550;5285605703;2785136643;
273679550;2785136643;1845298107;
273679550;1845298107;3006868336;
273679550;3006868336;1845298108;
273679550;1845298108;1845298106;
273679550;1845298106;1845298096;
273679550;1845298096;1845298095;
273679550;1845298095;1845298094;
273679550;1845298094;1845298098;
273679550;1845298098;1845298101;
273679550;1845298101;1845298100;
273679550;1845298100;1845298099;
273679550;1845298099;1845298093;
273679550;1845298093;1845298092;
273679550;1845298092;1845298089;
273679550;1845298089;3617401888;
273679550;3617401888;1845298088;
273679551;2785136583;2785136582;
273679551;2785136582;2785136581;
273679551;2785136581;2785136579;
273679551;2785136579;2785136576;
273679551;2785136576;2785136570;
273679551;2785136570;2785136567;
273679551;2785136567;3616499029;
273679551;3616499029;2785136565;
273679551;2785136565;2785136562;
273679551;2785136562;2785136559;
273679551;2785136559;2785136556;
273679551;2785136556;5285605704;
273679551;5285605704;2785136552;
273679551;2785136552;2785136550;
273679551;2785136550;2785136547;
273679551;2785136547;2785136545;
273679551;2785136545;2785136541;
273679551;2785136541;2785136539;
273679551;2785136539;2785136537;
273679551;2785136537;2785136534;
273679551;2785136534;5285605707;
273679552;2785136743;2785136742;
273679552;2785136742;2785136741;
273679552;2785136741;2785136738;
273679552;2785136738;1812878396;
273679552;1812878396;1845298355;
273679552;1845298355;1845298354;
273679552;1845298354;1845298353;
273679552;1845298353;5309962908;
273679553;3617402240;2785136702;
273679553;2785136702;2785136690;
273679553;2785136690;2785136684;
273679553;2785136684;3617401983;
273679553;3617401983;3617401957;
273679553;3617401957;2785136681;
273679553;2785136681;2785136671;
273679553;2785136671;2785136657;
273679553;2785136657;2785136647;
273679553;2785136647;2785136637;
273679553;2785136637;2785136633;
273679553;2785136633;3617401945;
273679553;3617401945;3617402177;
273679553;3617402177;3617396481;
273679553;3617396481;2785136628;
273679553;2785136628;2785136626;
273679553;2785136626;2785136627;
273679553;2785136627;2785136631;
273679553;2785136631;3617402239;
273679553;3617402239;2785136638;
273679553;2785136638;2785136646;
273679553;2785136646;2785136652;
273679553;2785136652;2785136653;
273679553;2785136653;2785136655;
273679553;2785136655;2785136651;
273679553;2785136651;2785136641;
273679553;2785136641;2785136624;
273679553;2785136624;2785136617;
273679553;2785136617;2785136605;
273679553;2785136605;2785136600;
273679553;2785136600;2785136597;
273679553;2785136597;2785136598;
273679553;2785136598;2785136603;
273679553;2785136603;2785136608;
273679553;2785136608;2785136614;
273679553;2785136614;2785136620;
273679553;2785136620;2785136622;
273679554;2785136573;2785136574;
273679554;2785136574;2785136577;
273679554;2785136577;2785136585;
273679554;2785136585;2785136588;
273679554;2785136588;2785136589;
273679554;2785136589;2785136592;
273679554;2785136592;2785136593;
273679554;2785136593;2785136594;
273679554;2785136594;2785136606;
273679554;2785136606;2785136611;
273679554;2785136611;2785136616;
273679554;2785136616;2785136622;
273679554;2785136622;2785136630;
273679554;2785136630;2785136635;
273679554;2785136635;2785136642;
273679554;2785136642;2785136650;
273679554;2785136650;2785136656;
273679554;2785136656;2785136658;
273679554;2785136658;2785136679;
273679554;2785136679;2785136683;
273679554;2785136683;2785136687;
273679554;2785136687;2785136696;
273679554;2785136696;2785136706;
273679554;2785136706;2785136712;
273679554;2785136712;2785136707;
273679554;2785136707;2785136701;
273679554;2785136701;2785136698;
273679554;2785136698;2785136697;
273679554;2785136697;2785136699;
273679554;2785136699;2785136708;
273679554;2785136708;2785136717;
273679554;2785136717;2785136719;
273679554;2785136719;2785136720;
273679554;2785136720;2785136715;
273679554;2785136715;2785136713;
273679554;2785136713;2785136714;
273679554;2785136714;2785136718;
273679554;2785136718;2785136722;
273679555;1845298048;1845298049;
273679555;1845298049;1845298051;
273679555;1845298051;2785136507;
273679555;2785136507;2785136511;
273679555;2785136511;2785136512;
273679555;2785136512;2785136513;
273679555;2785136513;2785136514;
273679555;2785136514;2785136516;
273679555;2785136516;2785136518;
273679555;2785136518;2785136519;
273679555;2785136519;2785136521;
273679555;2785136521;2785136522;
273679555;2785136522;2785136523;
273679555;2785136523;2785136524;
273679555;2785136524;2785136525;
273679555;2785136525;2785136526;
273679555;2785136526;2785136527;
273679555;2785136527;2785136529;
273679555;2785136529;2785136530;
273679555;2785136530;2785136531;
273679555;2785136531;2785136536;
273679555;2785136536;2785136540;
273679555;2785136540;2785136542;
273679555;2785136542;2785136549;
273679555;2785136549;2785136551;
273679555;2785136551;2785136554;
273679555;2785136554;2785136555;
273679555;2785136555;2785136563;
273679555;2785136563;2785136573;
273679555;2785136573;2785136583;
273679555;2785136583;2785136587;
273679555;2785136587;2785136590;
273679555;2785136590;2785136602;
273679555;2785136602;2785136607;
273679555;2785136607;2785136612;
273679555;2785136612;2785136619;
273679555;2785136619;2785136625;
273679555;2785136625;2785136632;
273679555;2785136632;1845298088;
296775624;3005843907;3876884148;
296775624;3876884148;3876884145;
296775624;3876884145;3876884147;
296775624;3876884147;3617401870;
296775624;3617401870;3876884146;
296775624;3876884146;1812878251;
296775624;1812878251;2119289722;
296775624;2119289722;1812878248;
296775624;1812878248;1845296872;
296775624;1845296872;2119289721;
296775624;2119289721;1845296873;
296775624;1845296873;1812878250;
296775624;1812878250;1812878255;
296775624;1812878255;5281705204;
296776849;1812878262;1845296986;
296776849;1845296986;2119289826;
296776849;2119289826;2119289830;
296776849;2119289830;1812878261;
296776849;1812878261;2119289863;
296776849;2119289863;1812878269;
296776849;1812878269;2119289875;
296776849;2119289875;2119289879;
296776849;2119289879;2119289881;
296776849;2119289881;1812878272;
296776849;1812878272;2119289891;
296776850;1812878256;2119289762;
296776850;2119289762;2119289756;
296776850;2119289756;2119289742;
296776850;2119289742;1812878254;
296776850;1812878254;1812878252;
296776850;1812878252;2119289725;
296776850;2119289725;1812878244;
296776850;1812878244;1845296870;
296776850;1845296870;2119289714;
296776850;2119289714;3005843907;
296776851;1845296996;1845296993;
296776851;1845296993;2119289855;
296776851;2119289855;1812878265;
296776851;1812878265;2119289859;
296776851;2119289859;2119289857;
296776851;2119289857;1812878266;
296776851;1812878266;2785136484;
296776851;2785136484;1812878274;
296776851;1812878274;3617402073;
296776851;3617402073;2119289887;
296776852;1845297747;2119289928;
296776852;2119289928;2119289927;
296776852;2119289927;1845297743;
296776852;1845297743;1845297748;
296776852;1845297748;1845297801;
296776852;1845297801;1845297813;
296776852;1845297813;2119289933;
296776852;2119289933;1845297815;
296776852;1845297815;1845297811;
296776852;1845297811;1845297795;
296776852;1845297795;5277215683;
296776852;5277215683;2119289932;
296776852;2119289932;1845297787;
296776853;3005871993;3005871995;
296776853;3005871995;3005871996;
296776853;3005871996;3871194749;
296776853;3871194749;3005871998;
296776853;3005871998;2119289922;
296776853;2119289922;3005871982;
296776853;3005871982;3005871985;
296776853;3005871985;3005871986;
296776853;3005871986;3005871987;
296776853;3005871987;3005871988;
296776853;3005871988;1845297450;
296776853;1845297450;3005871989;
296776853;3005871989;3005871990;
296776853;3005871990;3005871991;
296776853;3005871991;3005871983;
296776853;3005871983;3005871984;
296776853;3005871984;3005871992;
296776853;3005871992;3005871993;
296879137;5283630454;3877388548;
296879137;3877388548;3006855717;
296879137;3006855717;1845298018;
296879137;1845298018;1845298009;
296879137;1845298009;5274003990;
296879137;5274003990;1845297944;
296879137;1845297944;2119289950;
296879137;2119289950;1845297936;
296879137;1845297936;1845297925;
296879137;1845297925;1845297896;
296879137;1845297896;1845297891;
296879137;1845297891;2119289938;
296879137;2119289938;2119289937;
296879137;2119289937;1845297881;
296879137;1845297881;1845297882;
296879137;1845297882;5283630453;
296879143;5285605705;1845298061;
296879143;1845298061;1845298058;
296879143;1845298058;1845298056;
296879143;1845298056;2785136509;
296879143;2785136509;1845298053;
296879143;1845298053;2119289967;
296879143;2119289967;1845298050;
296879143;1845298050;2119289965;
296879143;2119289965;1845298041;
296879143;1845298041;1845298038;
296879143;1845298038;5283630454;
296879146;5285605706;1845298077;
296879146;1845298077;2785136584;
296879146;2785136584;3006868345;
296879146;3006868345;3616499034;
296879146;3616499034;2785136572;
296879146;2785136572;2785136571;
296879146;2785136571;2785136568;
296879146;2785136568;2785136566;
296879146;2785136566;2785136561;
296879146;2785136561;2785136560;
296879146;2785136560;2785136557;
296879146;2785136557;1845298075;
296879146;1845298075;2785136546;
296879146;2785136546;2785136544;
296879146;2785136544;2785136535;
296879146;2785136535;2785136532;
296879146;2785136532;1845298069;
296879146;1845298069;1845298068;
296879146;1845298068;2785136528;
296879146;2785136528;1845298067;
296879146;1845298067;1845298065;
296879146;1845298065;2785136520;
296879146;2785136520;5342599148;
296879146;5342599148;2785136517;
296879146;2785136517;5285605705;
296879148;1812878277;1845297321;
296879148;1845297321;1812878278;
296879148;1812878278;1845297459;
296879148;1845297459;5274014464;
296879148;5274014464;3871336252;
296879148;3871336252;3871622796;
296879148;3871622796;1812878281;
296879148;1812878281;1812878283;
296879148;1812878283;2119289934;
296879148;2119289934;2119289935;
296879148;2119289935;1845297851;
296879148;1845297851;5277192032;
296879151;1812878277;1812878275;
296879151;1812878275;5274059496;
296879151;5274059496;1812878267;
296879151;1812878267;2119289873;
296879151;2119289873;1845296996;
296879152;5309962908;1812878394;
296879152;1812878394;1812878391;
296879152;1812878391;5309962903;
296879152;5309962903;1812878389;
319035722;1845298357;3254503834;
319035722;3254503834;3254503835;
319035722;3254503835;3254503836;
319035722;3254503836;3254503837;
319035722;3254503837;3254503838;
319035722;3254503838;3254503839;
319035722;3254503839;3254503840;
319035722;3254503840;3254503841;
319035722;3254503841;3254503842;
319035722;3254503842;3254503843;
319035722;3254503843;3254503844;
319035722;3254503844;3254503845;
319035722;3254503845;3254503846;
319035722;3254503846;3254503847;
319035722;3254503847;3254503848;
319035722;3254503848;3254503849;
319035722;3254503849;3254503850;
319035722;3254503850;3254503851;
319035722;3254503851;3254503852;
319035722;3254503852;3254503853;
319035722;3254503853;3254503854;
319035722;3254503854;3254503855;
319035722;3254503855;3254503856;
319035722;3254503856;3254503857;
319035722;3254503857;3254503858;
319035722;3254503858;3254503859;
319035722;3254503859;3254503860;
319035722;3254503860;3254506361;
319035722;3254506361;3254506362;
319035722;3254506362;3254506363;
319035722;3254506363;3254506364;
319035722;3254506364;3254506365;
319035722;3254506365;3254506366;
319035722;3254506366;3254506367;
319035722;3254506367;3254506368;
319035722;3254506368;3254506369;
319035722;3254506369;3254506370;
319035722;3254506370;3254506371;
319035722;3254506371;3254506372;
319035722;3254506372;3254506373;
319035722;3254506373;3254506374;
319035722;3254506374;3254506375;
319035722;3254506375;3254506376;
319035722;3254506376;3254506377;
319035722;3254506377;3254506378;
319035722;3254506378;3254506379;
319035722;3254506379;3254506380;
319035722;3254506380;3254506381;
319035722;3254506381;3254506382;
319035722;3254506382;3254506383;
319035722;3254506383;3254506384;
319035722;3254506384;3254506385;
319035722;3254506385;3254506386;
319035722;3254506386;3254506387;
319035722;3254506387;3254506388;
319035722;3254506388;3254506389;
319035722;3254506389;3254506390;
319035722;3254506390;3254506391;
319035722;3254506391;3254506392;
319035722;3254506392;3254506393;
319035722;3254506393;3254506394;
319035722;3254506394;3254506395;
319035722;3254506395;3254506396;
319035722;3254506396;3254506397;
319035722;3254506397;3254506398;
319035722;3254506398;3254506399;
319035722;3254506399;3254506400;
319035722;3254506400;3254506401;
319035722;3254506401;3254506402;
319035722;3254506402;3254506403;
319035722;3254506403;3254506404;
319035722;3254506404;3254506405;
319035722;3254506405;3254506406;
319035722;3254506406;3254506407;
319035722;3254506407;3254506408;
319035722;3254506408;3254506409;
319035722;3254506409;3254506410;
319035722;3254506410;3254506411;
319035722;3254506411;3254506412;
319035722;3254506412;3254506413;
319035722;3254506413;3254506414;
319035722;3254506414;3616544264;
319035722;3616544264;3254506415;
319035722;3254506415;3254506416;
319035722;3254506416;3254506417;
319035722;3254506417;3254506418;
319035722;3254506418;3254506419;
319035722;3254506419;3254506420;
319035722;3254506420;3254506421;
319035722;3254506421;3254506422;
319035722;3254506422;3254506423;
319035722;3254506423;3254506424;
319035722;3254506424;3254506425;
319035722;3254506425;3254506426;
319035722;3254506426;3254506427;
319035722;3254506427;3254506428;
319035722;3254506428;3254506429;
319035722;3254506429;3254506430;
319035722;3254506430;3254506431;
319035722;3254506431;3254506432;
319035722;3254506432;3254506433;
319035722;3254506433;3254506434;
319035722;3254506434;3254506435;
319035722;3254506435;3254506436;
319035722;3254506436;3254506437;
319035722;3254506437;3254506438;
319035722;3254506438;3254506439;
319035722;3254506439;3254506440;
319035722;3254506440;3254506441;
319035722;3254506441;3254506442;
319035722;3254506442;3254506443;
319035722;3254506443;3254506444;
319035722;3254506444;3254506445;
319035722;3254506445;3254506446;
319035722;3254506446;3254506447;
319035722;3254506447;3254506448;
319035722;3254506448;3254506449;
319035722;3254506449;3254506450;
319035722;3254506450;3254506451;
319035722;3254506451;3254506452;
319035722;3254506452;3254506453;
319035722;3254506453;3254506454;
319035722;3254506454;3254506455;
319035722;3254506455;3254506456;
319035722;3254506456;3254506457;
319035722;3254506457;3254506458;
319035722;3254506458;3254506459;
319035722;3254506459;3254506460;
319035722;3254506460;3254506561;
319035722;3254506561;3254506562;
319035722;3254506562;3254506563;
319035722;3254506563;3254506564;
319035722;3254506564;3254506565;
319035722;3254506565;3254506566;
319035722;3254506566;3254506567;
319035722;3254506567;3254506568;
319035722;3254506568;3254506569;
319035722;3254506569;3254506570;
319035722;3254506570;3254506571;
319035722;3254506571;3254506572;
319035722;3254506572;3254506573;
319035722;3254506573;3254506574;
319035722;3254506574;3254506575;
319035722;3254506575;3254506576;
319035722;3254506576;3254506577;
319035722;3254506577;3254506578;
319035722;3254506578;3254506579;
319035722;3254506579;3254506580;
319035722;3254506580;3254506581;
319035722;3254506581;3254506582;
319035722;3254506582;3254506583;
319035722;3254506583;3254506584;
319035722;3254506584;3254506585;
319035722;3254506585;3254506586;
319035722;3254506586;3254506587;
319035722;3254506587;3254506588;
319035722;3254506588;3254506589;
319035722;3254506589;3254506590;
319035722;3254506590;3254506591;
319035722;3254506591;3254506592;
319035722;3254506592;3254506593;
319035722;3254506593;3254506594;
319035722;3254506594;3254506595;
319035722;3254506595;3254506596;
319035722;3254506596;3254506597;
319035722;3254506597;3254506598;
319035722;3254506598;3254506599;
319035722;3254506599;3254506600;
319035722;3254506600;3254506601;
319035722;3254506601;3254506602;
319035722;3254506602;3254506603;
319035722;3254506603;3254506604;
319035722;3254506604;3254506605;
319035722;3254506605;3254506606;
319035722;3254506606;3254506607;
319035722;3254506607;3254506608;
319035722;3254506608;3254506609;
319035722;3254506609;3254506610;
319035722;3254506610;3254506611;
319035722;3254506611;3254506612;
319035722;3254506612;3254506613;
319035722;3254506613;3254506614;
319035722;3254506614;3254506615;
319035722;3254506615;3254506616;
319035722;3254506616;3254506617;
319035722;3254506617;3254506618;
319035722;3254506618;3254506619;
319035722;3254506619;3254506798;
319035722;3254506798;3254506620;
319035722;3254506620;3254506621;
319035722;3254506621;3254506796;
319035722;3254506796;3254506797;
319035722;3254506797;3254506622;
319035722;3254506622;3254506623;
319035722;3254506623;3254506624;
319035722;3254506624;3254506625;
319035722;3254506625;3254506626;
319035722;3254506626;3254506627;
319035722;3254506627;3254506628;
319035722;3254506628;3254506629;
319035722;3254506629;3254506630;
319035722;3254506630;3254506631;
319035722;3254506631;3254506632;
319035722;3254506632;3254506633;
319035722;3254506633;3254506634;
319035722;3254506634;3254506635;
319035722;3254506635;3254506636;
319035722;3254506636;3254506637;
319035722;3254506637;3254506638;
319035722;3254506638;3254506639;
319035722;3254506639;3254506640;
319035722;3254506640;3254506641;
319035722;3254506641;3254506642;
319035722;3254506642;3254506643;
319035722;3254506643;3254506644;
319035722;3254506644;3254506645;
319035722;3254506645;3254506646;
319035722;3254506646;3254506647;
319035722;3254506647;3254506648;
319035722;3254506648;3254506649;
319035722;3254506649;3254506650;
319035722;3254506650;3254506651;
319035722;3254506651;3254506652;
319035722;3254506652;3254506653;
319035722;3254506653;3254506654;
319035722;3254506654;3254506655;
319035722;3254506655;3254506656;
319035722;3254506656;3254506657;
319035722;3254506657;3254506658;
319035722;3254506658;3254506659;
319035722;3254506659;3254506660;
319035722;3254506660;3254506761;
319035722;3254506761;3254506762;
319035722;3254506762;3254506763;
319035722;3254506763;3254506764;
319035722;3254506764;3254506765;
319035722;3254506765;3254506766;
319035722;3254506766;3254506767;
319035722;3254506767;3254506768;
319035722;3254506768;3254506769;
319035722;3254506769;3254506770;
319035722;3254506770;3254506771;
319035722;3254506771;3254506772;
319035722;3254506772;3254506773;
319035722;3254506773;3254506774;
319035722;3254506774;3254506775;
319035722;3254506775;3254506776;
319035722;3254506776;3254506777;
319035722;3254506777;3254506778;
319035722;3254506778;3254506779;
319035722;3254506779;3254506780;
319035722;3254506780;3254506781;
319035722;3254506781;3254506782;
319035722;3254506782;3254506783;
319035722;3254506783;3254506784;
319035722;3254506784;3254506785;
319035722;3254506785;3254506795;
319035722;3254506795;3254506794;
319035722;3254506794;3254506793;
319035722;3254506793;3254506786;
319035722;3254506786;3254506792;
319035722;3254506792;3254506791;
319035722;3254506791;3254506787;
319035722;3254506787;3254506788;
319035722;3254506788;3254506789;
319035722;3254506789;3254506790;
319035722;3254506790;3254506408;
319142964;3255508535;1812878256;
319142965;3255508535;3255508550;
319142965;3255508550;3255508551;
319142965;3255508551;3255508552;
319142965;3255508552;3255508553;
319142965;3255508553;3255508554;
319142965;3255508554;3255508555;
319142965;3255508555;3255508556;
319142965;3255508556;3255508557;
319142965;3255508557;3255508558;
319142965;3255508558;3255508559;
319142965;3255508559;3255508560;
319142965;3255508560;3255509261;
319142965;3255509261;3255509262;
319142965;3255509262;3255509263;
319142965;3255509263;3255509264;
319142965;3255509264;3255509265;
319142965;3255509265;3255509266;
319142965;3255509266;3255509267;
319142965;3255509267;3255509268;
319142965;3255509268;3255509269;
319142965;3255509269;3255509270;
319142965;3255509270;3255509271;
319142965;3255509271;3255509272;
319142965;3255509272;3255509273;
319142965;3255509273;3255509274;
319142965;3255509274;3255509276;
319142965;3255509276;3255509277;
319142965;3255509277;3255509278;
319142965;3255509278;3255509279;
319142965;3255509279;3255509280;
319142965;3255509280;3871336862;
319142965;3871336862;3255509281;
319142965;3255509281;3255509282;
319142965;3255509282;3255509283;
319142965;3255509283;3255509284;
319142965;3255509284;3255509285;
319142965;3255509285;3255509286;
319142965;3255509286;3255509287;
319142965;3255509287;3255509288;
319142965;3255509288;3255509289;
319142965;3255509289;3255509290;
319142965;3255509290;3255509291;
319142965;3255509291;3255509292;
319142965;3255509292;3255509293;
319142965;3255509293;3255509294;
319142965;3255509294;3255509295;
319142965;3255509295;3255509296;
319142965;3255509296;3255509297;
319142965;3255509297;3255509298;
319142965;3255509298;3255509299;
319142965;3255509299;3255509300;
319142965;3255509300;3255509301;
319142965;3255509301;3616405122;
319142965;3616405122;3255509302;
319142966;3255509302;3871336253;
319142966;3871336253;2119289822;
319142966;2119289822;3255508535;
319142967;2119289887;2119289885;
319142967;2119289885;1812878271;
319142967;1812878271;2119289883;
319142967;2119289883;1812878268;
319142967;1812878268;1812878264;
319142967;1812878264;2119289846;
319142967;2119289846;2119289841;
319142967;2119289841;1812878263;
319142967;1812878263;3255509302;
319142971;1812878258;5281705200;
319142971;5281705200;5281705206;
319142972;1845297530;1845297563;
319142972;1845297563;5279965487;
319142973;5281646968;1845297718;
319142973;1845297718;5281646969;
319142974;5283578723;3255509345;
319142974;3255509345;3255509346;
319142974;3255509346;3255509350;
319142974;3255509350;3255509351;
319142974;3255509351;3255509352;
319142974;3255509352;3255509353;
319142974;3255509353;3255509357;
319142974;3255509357;3255509365;
319142974;3255509365;3255509364;
319142974;3255509364;3255509360;
319142974;3255509360;3255509361;
319142974;3255509361;3255509362;
319142974;3255509362;5283630457;
319142975;5283630457;1845297895;
319142975;1845297895;2119289942;
319142975;2119289942;1845297898;
319142975;1845297898;2119289945;
319142975;2119289945;1845297935;
319142975;1845297935;2119289948;
319142975;2119289948;1845297942;
319142975;1845297942;1845297951;
319142975;1845297951;1845297953;
319142975;1845297953;1845297957;
319142975;1845297957;2119289955;
319142975;2119289955;1845297961;
319142975;1845297961;1845297955;
319142975;1845297955;1845297954;
319142975;1845297954;2119289954;
319142975;2119289954;1845297964;
319142975;1845297964;2119289956;
319142975;2119289956;1845297970;
319142975;1845297970;1845297987;
319142975;1845297987;1845297995;
319142975;1845297995;2119289961;
319142975;2119289961;1845297992;
319142975;1845297992;1845297976;
319142975;1845297976;2119289959;
319142975;2119289959;1845297969;
319142975;1845297969;1845297967;
319142975;1845297967;1845297962;
319142975;1845297962;2119289953;
319142975;2119289953;1845297956;
319142975;1845297956;1845297907;
319142975;1845297907;5274014462;
319142975;5274014462;1845297822;
319142975;1845297822;1845297790;
319142975;1845297790;2119289931;
319142975;2119289931;1845297778;
319142975;1845297778;2119289929;
319142975;2119289929;1845297747;
319142976;5283630458;5283630459;
319142976;5283630459;3255509368;
319142976;3255509368;3255509380;
319142976;3255509380;3255509369;
319142976;3255509369;3255509379;
319142976;3255509379;3255509378;
319142976;3255509378;3255509377;
319142976;3255509377;3255509370;
319142976;3255509370;3255509376;
319142976;3255509376;3255509371;
319142976;3255509371;3255509375;
319142976;3255509375;3255509372;
319142976;3255509372;3255509374;
319142976;3255509374;5283630456;
319142977;5283630458;1845297890;
319142977;1845297890;2119289940;
319142977;2119289940;5283630457;
319142978;5283630456;1845297929;
319142978;1845297929;1845297931;
319142978;1845297931;1845297934;
319142978;1845297934;1845297940;
319142978;1845297940;1845297949;
319142978;1845297949;2119289951;
319142978;2119289951;1845297947;
319142978;1845297947;1845297946;
319142978;1845297946;1845297943;
319142978;1845297943;2119289949;
319142978;2119289949;1845297937;
319142978;1845297937;1845297920;
319142978;1845297920;2119289946;
319142978;2119289946;1845297917;
319142978;1845297917;2119289944;
319142978;2119289944;3255509383;
319142978;3255509383;1845297909;
319142978;1845297909;3255509382;
319142978;3255509382;2119289943;
319142978;2119289943;1845297903;
319142978;1845297903;5283630458;
319142979;5283630453;1845297927;
319142979;1845297927;5283630456;
319142980;5283630453;3255509388;
319142980;3255509388;3255509389;
319142980;3255509389;3255509390;
319142980;3255509390;3255509391;
319142980;3255509391;3255509392;
319142980;3255509392;3255509393;
319142980;3255509393;3255509394;
319142980;3255509394;3255509395;
319142980;3255509395;3255509396;
319142980;3255509396;3255509397;
319142980;3255509397;3255509398;
319142980;3255509398;3255509399;
319142980;3255509399;3255509400;
319142980;3255509400;3255509401;
319142980;3255509401;3255509402;
319142980;3255509402;3255509403;
319142980;3255509403;3617402235;
319142980;3617402235;3255509404;
319142980;3255509404;3255509405;
319142980;3255509405;3255509406;
319142980;3255509406;3255509407;
319142980;3255509407;3255509408;
319142980;3255509408;3255509409;
319142980;3255509409;3255509410;
319142980;3255509410;3255509411;
319142980;3255509411;3255509412;
319142980;3255509412;3255509413;
319142980;3255509413;3255509414;
319142980;3255509414;3255509415;
319142980;3255509415;3255509416;
319142980;3255509416;3255509417;
319142980;3255509417;3255509418;
319142980;3255509418;3255509419;
319142980;3255509419;3255509420;
319142980;3255509420;3255509421;
319142980;3255509421;3255509422;
319142980;3255509422;3255509423;
319142980;3255509423;3255509424;
319142980;3255509424;3255509425;
319142980;3255509425;3255509426;
319142980;3255509426;3255509427;
319142980;3255509427;3255509428;
319142980;3255509428;3255509429;
319142980;3255509429;3255509430;
319142980;3255509430;3255509431;
319142980;3255509431;3255509432;
319142980;3255509432;3255509433;
319142980;3255509433;3255509434;
319142980;3255509434;3255509435;
319142980;3255509435;3255509436;
319142980;3255509436;3255509437;
319142980;3255509437;3255509438;
319142980;3255509438;3255509439;
319142980;3255509439;3255509440;
319142980;3255509440;3255509441;
319142980;3255509441;3255509442;
319142980;3255509442;3255509443;
319142980;3255509443;3255509444;
319142980;3255509444;3255509445;
319142980;3255509445;3255509446;
319142980;3255509446;3255509447;
319142980;3255509447;3255509448;
319142980;3255509448;3255509449;
319142980;3255509449;3255509450;
319142980;3255509450;3255509451;
319142980;3255509451;3255509452;
319142980;3255509452;3255509453;
319142980;3255509453;3255509454;
319142980;3255509454;3255509455;
319142980;3255509455;3255509456;
319142980;3255509456;3255509457;
319142980;3255509457;3255509458;
319142980;3255509458;3255509459;
319142980;3255509459;3255509460;
319142980;3255509460;3255509461;
319142980;3255509461;3255509462;
319142980;3255509462;3255509463;
319142980;3255509463;3255509464;
319142980;3255509464;3255509465;
319142980;3255509465;3255509466;
319142980;3255509466;3255509467;
319142980;3255509467;3255509468;
319142980;3255509468;3255509469;
319142980;3255509469;3255509470;
319142980;3255509470;3616544257;
319142980;3616544257;3255509471;
319142980;3255509471;3255509472;
319142980;3255509472;3255509473;
319142980;3255509473;3255509474;
319142980;3255509474;3255509475;
319142980;3255509475;3255509476;
319142980;3255509476;3255509477;
319142980;3255509477;3255509478;
319142980;3255509478;3255509479;
319142980;3255509479;3255509480;
319142980;3255509480;3255509481;
319142980;3255509481;3255509482;
319142980;3255509482;3255509483;
319142980;3255509483;3255509484;
319142980;3255509484;3255509485;
319142980;3255509485;3255509486;
319142980;3255509486;3255509487;
319142980;3255509487;3255509488;
319142980;3255509488;3255509489;
319142980;3255509489;3255509490;
319142980;3255509490;3255509491;
319142980;3255509491;3255509492;
319142980;3255509492;3255509493;
319142980;3255509493;3255509494;
319142980;3255509494;3255509495;
319142980;3255509495;3255509496;
319142980;3255509496;3255509497;
319142980;3255509497;3255509498;
319142980;3255509498;3255509499;
319142980;3255509499;3255509500;
319142980;3255509500;3255509501;
319142980;3255509501;3255509502;
319142980;3255509502;3255509503;
319142980;3255509503;3255509504;
319142980;3255509504;3255509505;
319142980;3255509505;3255509506;
319142980;3255509506;3255509507;
319142980;3255509507;3616544279;
319142980;3616544279;2785136600;
355332831;5308177364;3609472010;
355332831;3609472010;3609472067;
355332831;3609472067;3609472019;
355332831;3609472019;3609472040;
355332831;3609472040;3609472295;
355332831;3609472295;3609472319;
355332831;3609472319;3609472383;
355332831;3609472383;3609472370;
355332831;3609472370;3609472640;
355332831;3609472640;3609472643;
355332831;3609472643;3609472628;
355332831;3609472628;3609472659;
355332831;3609472659;3609472632;
355332831;3609472632;3609472660;
355332831;3609472660;3609472665;
355332831;3609472665;3609472624;
355332831;3609472624;3609472666;
355332831;3609472666;3609472658;
355332831;3609472658;3609472642;
355332831;3609472642;3609472622;
355332831;3609472622;3609472664;
355332831;3609472664;3609472629;
355332831;3609472629;3609472630;
355332831;3609472630;3609472647;
355332831;3609472647;3609472650;
355332831;3609472650;3609472674;
355332831;3609472674;3609472048;
355332831;3609472048;3609472001;
355332831;3609472001;3609472043;
355332831;3609472043;3609472026;
355332831;3609472026;3609472031;
355332831;3609472031;3609472027;
355332831;3609472027;3609471999;
355332831;3609471999;3609472012;
355332831;3609472012;3609472052;
355332831;3609472052;3609472354;
355332831;3609472354;3609472024;
355332831;3609472024;3609472073;
355332831;3609472073;3609472340;
355332831;3609472340;3609472307;
355332831;3609472307;2781754203;
355332837;3609472013;3877372918;
355332837;3877372918;3609471977;
355332837;3609471977;3609471993;
355332837;3609471993;3877372920;
355332837;3877372920;3609471976;
355332837;3609471976;3609471979;
355332837;3609471979;3609471984;
355332837;3609471984;3609471986;
355332837;3609471986;3877372908;
355332837;3877372908;3609472022;
355332837;3609472022;3609471987;
355332837;3609471987;3609471990;
355332837;3609471990;3609472422;
355332837;3609472422;3609472446;
355332837;3609472446;3609471988;
355332837;3609471988;3609471994;
355332837;3609471994;3609471981;
355332837;3609471981;3609471983;
355332837;3609471983;3609472061;
355332837;3609472061;3609472546;
355332837;3609472546;3609472491;
355332837;3609472491;3609472535;
355332837;3609472535;3609472523;
355332837;3609472523;3609472533;
355332837;3609472533;3609472541;
355332837;3609472541;5308177365;
355369088;1812878389;3609886192;
355369089;5309962907;5309962906;
355369091;3609886192;1845298338;
355369091;1845298338;1845298329;
355369091;1845298329;1845298328;
355369092;1845298328;3609886186;
355369093;5309962906;1845298299;
355369093;1845298299;1812878371;
355369095;3609886186;1845298325;
355369095;1845298325;1812878382;
355369095;1812878382;1812878380;
355369095;1812878380;1812878378;
355369095;1812878378;1845298315;
355369095;1845298315;1845298312;
355369095;1845298312;1845298308;
355369095;1845298308;1812878375;
355369095;1812878375;1812878373;
355369095;1812878373;5309962907;
355375587;5285605701;1845298206;
355375587;1845298206;3006855730;
355375587;3006855730;1845298210;
355375587;1845298210;1845298212;
355375587;1845298212;1845298213;
355375587;1845298213;2119289977;
355375587;2119289977;1845298216;
355375587;1845298216;1845298219;
355375587;1845298219;3006855729;
355375587;3006855729;2119289979;
355375587;2119289979;1845298222;
355375587;1845298222;3006855728;
355375587;3006855728;2119289980;
355375587;2119289980;2119289982;
355375587;2119289982;2119289983;
355375587;2119289983;1845298226;
355375588;5285609699;5285609702;
355375589;5285609706;3609989395;
355375590;5285609702;1845298323;
355375590;1845298323;1845298327;
355375590;1845298327;5274131276;
355375590;5274131276;1845298332;
355375590;1845298332;5274131277;
355375590;5274131277;1845298334;
355375590;1845298334;1845298337;
355375590;1845298337;3006855719;
355375590;3006855719;1845298342;
355375590;1845298342;5274131275;
355375590;5274131275;1845298357;
355375591;5285605702;5285605701;
355375592;5285609700;1845298304;
355375592;1845298304;1845298305;
355375592;1845298305;1845298309;
355375592;1845298309;1845298311;
355375592;1845298311;1845298314;
355375592;1845298314;1845298318;
355375592;1845298318;5285609699;
355375593;5285609703;5285609700;
355375598;3609989395;2119289994;
355375598;2119289994;3006855721;
355375598;3006855721;1845298290;
355375598;1845298290;1845298300;
355375598;1845298300;1845298301;
355375598;1845298301;5285609703;
355377042;3609977056;2785136610;
355377042;2785136610;2785136601;
355377042;2785136601;1812878284;
355377042;1812878284;5285605706;
355377043;3609977057;3609977056;
355377044;1812878304;3609977055;
355377045;3609977061;3609977062;
355377046;3609977062;1845298148;
355377046;1845298148;1845298149;
355377046;1845298149;5285605700;
355377047;3609977055;2785136636;
355377047;2785136636;1812878292;
355377047;1812878292;3006868340;
355377047;3006868340;1812878289;
355377047;1812878289;1845298085;
355377047;1845298085;1812878287;
355377047;1812878287;5308152822;
355377047;5308152822;1812878285;
355377047;1812878285;1845298084;
355377047;1845298084;2785136621;
355377047;2785136621;2785136615;
355377047;2785136615;3609977057;
355377048;5285605700;5285605699;
355377049;5285605699;1845298158;
355377049;1845298158;3006868335;
355377049;3006868335;3609977065;
355377050;3609977066;1845298160;
355377050;1845298160;3609977067;
355377051;3609977065;3609977066;
355377052;3609977068;1845298173;
355377052;1845298173;1845298174;
355377052;1845298174;1845298175;
355377052;1845298175;1845298180;
355377052;1845298180;1845298182;
355377052;1845298182;1845298183;
355377052;1845298183;3006868333;
355377052;3006868333;3006868334;
355377052;3006868334;1845298186;
355377052;1845298186;1845298195;
355377052;1845298195;3006855732;
355377052;3006855732;1845298196;
355377052;1845298196;3006855731;
355377052;3006855731;1845298198;
355377052;1845298198;1845298202;
355377052;1845298202;2119289974;
355377052;2119289974;5285605702;
355377053;3609977067;3609977068;
356092147;3615852738;3615852745;
356092147;3615852745;1845298014;
356098506;3615928977;5274105407;
356098506;5274105407;3615928976;
356126845;1845297444;1845297293;
356126845;1845297293;2119289898;
356126845;2119289898;1845297281;
356126845;1845297281;2119289897;
356126845;2119289897;2119289896;
356126845;2119289896;1845297252;
356126845;1845297252;1812878277;
356126846;2119289891;1812878277;
356128891;5280019964;5280019966;
356128891;5280019966;5274105406;
356128893;1812878262;2119289840;
356128893;2119289840;1845296987;
356128893;1845296987;1812878258;
356128894;5279965487;1845297517;
356128894;1845297517;3005871999;
356128896;3616299397;3616299403;
356128896;3616299403;3616299400;
356128896;3616299400;3616299402;
356128896;3616299402;1845297076;
356133449;5280019964;1845297467;
356133449;1845297467;1845297435;
356133449;1845297435;1845297336;
356133449;1845297336;1845297286;
356133449;1845297286;1845297247;
356133449;1845297247;1845297202;
356133449;1845297202;1845297137;
356133449;1845297137;1845297090;
356133449;1845297090;5279996202;
356133450;5280019960;1845297660;
356133450;1845297660;3617402386;
356133450;3617402386;5280019959;
356277597;5281646967;2119289926;
356277597;2119289926;5281646968;
356287558;5280035038;1845297580;
356287558;1845297580;1845297560;
356287558;1845297560;5274105410;
356287558;5274105410;5274105409;
356287558;5274105409;5274105408;
356287558;5274105408;5280019961;
383821130;2119289935;3871351777;
383821130;3871351777;3871351778;
383821130;3871351778;3871636546;
383821130;3871636546;3871351779;
383821130;3871351779;3871351780;
383821130;3871351780;3871351781;
383821130;3871351781;3871351782;
383821130;3871351782;3871351783;
383821130;3871351783;3871351784;
383821130;3871351784;3871351785;
383821130;3871351785;1845297706;
383854278;1845298024;3871636529;
383854278;3871636529;3871636530;
383854278;3871636530;3871636531;
383854278;3871636531;3871636532;
383854278;3871636532;3871636533;
383854278;3871636533;3871636534;
383854278;3871636534;3871636535;
383854278;3871636535;3871636536;
383854278;3871636536;3871636537;
383854278;3871636537;3871636540;
383854278;3871636540;3871636541;
383854278;3871636541;3871636542;
383854278;3871636542;3871636543;
383854278;3871636543;3871636544;
383854278;3871636544;3871636545;
383854278;3871636545;5277324912;
383854279;5277192032;3871636548;
383854279;3871636548;3871636549;
383854279;3871636549;3871636550;
384387626;3876884148;3876884149;
507933347;4973442725;3559259812;
507933347;3559259812;3559259810;
507933347;3559259810;5308177367;
507933347;5308177367;3559259809;
507933347;3559259809;3559259808;
507933347;3559259808;5274105415;
507933348;3559259804;1812878313;
507933348;1812878313;1812878311;
507933348;1812878311;1845298102;
507933348;1845298102;1812878307;
507933348;1812878307;1812878306;
507933348;1812878306;2785136640;
507933348;2785136640;1812878304;
545714637;5281705206;5281705208;
545714637;5281705208;5281705202;
545714637;5281705202;5281705201;
545714637;5281705201;5281705204;
545714638;5281705206;5274034553;
545714638;5274034553;5281705207;
545714638;5281705207;5281705203;
545714638;5281705203;5281705205;
545714639;5281705205;5274034555;
545714639;5274034555;5281705209;
545714639;5281705209;5274034556;
545714639;5274034556;5281705204;
545718449;5279996203;1845297058;
545718449;1845297058;1845297094;
545718449;1845297094;1845297152;
545718449;1845297152;1845297255;
545718449;1845297255;2119289899;
545718449;2119289899;1845297325;
545718449;1845297325;1845297446;
545718449;1845297446;1845297515;
545718449;1845297515;1845297530;
545718451;5279996202;5274069743;
545718451;5274069743;5274069744;
545718451;5274069744;5279996203;
545722589;5279996204;5274014463;
545722589;5274014463;2119289923;
545722589;2119289923;3005872000;
545722589;3005872000;2119289922;
545722590;5280019961;1845297639;
545722590;1845297639;1845297633;
545722590;1845297633;1845297637;
545722590;1845297637;1845297626;
545722590;1845297626;1845297620;
545722590;1845297620;5280035038;
545722591;5274105415;3559259807;
545722591;3559259807;3559259806;
545722591;3559259806;3616499069;
545722591;3616499069;3559259805;
545722591;3559259805;5107808408;
545722591;5107808408;5107808407;
545722591;5107808407;3559259804;
546055978;1845297787;2119289930;
546055978;2119289930;3871622797;
546055978;3871622797;1845297753;
546055978;1845297753;5279996204;
546055983;1845297787;5277215684;
546055983;5277215684;5277192032;
546370994;3005871999;3005871992;
546370996;5274105406;5280019960;
546370997;5280019959;1845297696;
546370997;1845297696;1845297704;
546370997;1845297704;3255509340;
546370997;3255509340;3255509341;
546370997;3255509341;3255509342;
546370997;3255509342;3255509343;
546370997;3255509343;3255509344;
546370997;3255509344;5281646968;
546383236;5279965486;1845297625;
546383236;1845297625;5279965487;
546770041;5283630455;3006868337;
546770041;3006868337;2119289966;
546770041;2119289966;1845298042;
546770041;1845298042;1845298033;
