1812878244;39.67065;-31.11474;-0.5430547;0.6923834
1812878248;39.67039;-31.11248;-0.5430152;0.6923789
1812878250;39.67046;-31.11208;-0.5430082;0.6923802
1812878251;39.67045;-31.11322;-0.5430282;0.69238
1812878252;39.67083;-31.1148;-0.5430558;0.6923865
1812878254;39.67089;-31.11487;-0.543057;0.6923877
1812878255;39.67087;-31.11165;-0.5430007;0.6923873
1812878256;39.67099;-31.11522;-0.5430631;0.6923894
1812878258;39.67144;-31.11154;-0.5429989;0.6923973
1812878261;39.67168;-31.11261;-0.5430175;0.6924015
1812878262;39.67158;-31.11202;-0.5430073;0.6923997
1812878263;39.67159;-31.12185;-0.5431787;0.6923999
1812878264;39.67179;-31.12202;-0.5431817;0.6924034
1812878265;39.67175;-31.1151;-0.5430609;0.6924026
1812878266;39.67181;-31.11685;-0.5430915;0.6924036
1812878267;39.67208;-31.11456;-0.5430514;0.6924085
1812878268;39.67212;-31.12185;-0.5431788;0.692409
1812878269;39.67199;-31.11296;-0.5430236;0.6924068
1812878271;39.67224;-31.12168;-0.5431758;0.6924112
1812878272;39.67238;-31.11374;-0.5430372;0.6924137
1812878274;39.67234;-31.121;-0.5431638;0.692413
1812878275;39.67257;-31.11447;-0.54305;0.6924169
1812878277;39.67268;-31.11436;-0.543048;0.6924189
1812878278;39.67311;-31.11413;-0.543044;0.6924264
1812878281;39.67459;-31.11417;-0.5430447;0.6924523
1812878283;39.67477;-31.11406;-0.5430428;0.6924554
1812878284;39.68478;-31.09769;-0.542757;0.69263
1812878285;39.68641;-31.09583;-0.5427247;0.6926584
1812878287;39.68647;-31.09538;-0.5427168;0.6926596
1812878288;39.68671;-31.09166;-0.5426518;0.6926637
1812878289;39.68678;-31.09477;-0.5427061;0.692665
1812878290;39.68689;-31.09201;-0.542658;0.6926669
1812878291;39.68702;-31.09246;-0.5426658;0.6926691
1812878292;39.68733;-31.09403;-0.5426932;0.6926746
1812878295;39.68748;-31.09284;-0.5426725;0.6926773
1812878298;39.68758;-31.09303;-0.5426758;0.692679
1812878300;39.68769;-31.09314;-0.5426777;0.6926809
1812878304;39.68781;-31.0937;-0.5426874;0.692683
1812878306;39.68807;-31.09339;-0.5426821;0.6926875
1812878307;39.68822;-31.09327;-0.5426798;0.6926901
1812878311;39.68876;-31.09365;-0.5426866;0.6926995
1812878313;39.6889;-31.09371;-0.5426875;0.6927019
1812878326;39.6915;-31.09156;-0.5426502;0.6927473
1812878328;39.69229;-31.09158;-0.5426505;0.6927611
1812878330;39.69287;-31.09146;-0.5426483;0.6927714
1812878334;39.69308;-31.0912;-0.5426438;0.692775
1812878336;39.69346;-31.09086;-0.5426378;0.6927816
1812878346;39.69525;-31.09092;-0.5426388;0.6928129
1812878348;39.69591;-31.09096;-0.5426397;0.6928244
1812878351;39.6965;-31.09045;-0.5426307;0.6928346
1812878353;39.69678;-31.09019;-0.5426263;0.6928394
1812878355;39.69714;-31.09023;-0.5426269;0.6928457
1812878357;39.69855;-31.09086;-0.5426379;0.6928704
1812878358;39.69885;-31.09096;-0.5426397;0.6928757
1812878361;39.69989;-31.09088;-0.5426383;0.6928937
1812878363;39.70034;-31.0908;-0.5426369;0.6929017
1812878365;39.70074;-31.09058;-0.542633;0.6929087
1812878368;39.70098;-31.09051;-0.5426317;0.6929128
1812878369;39.70116;-31.09063;-0.5426339;0.6929159
1812878371;39.70152;-31.09078;-0.5426365;0.6929222
1812878373;39.70301;-31.0904;-0.5426298;0.6929483
1812878375;39.70323;-31.09023;-0.5426269;0.692952
1812878378;39.70402;-31.09039;-0.5426297;0.6929659
1812878380;39.70419;-31.09056;-0.5426327;0.6929688
1812878382;39.70451;-31.09072;-0.5426355;0.6929743
1812878389;39.70581;-31.09015;-0.5426255;0.6929972
1812878391;39.706;-31.0897;-0.5426177;0.6930004
1812878394;39.7064;-31.08959;-0.5426157;0.6930073
1812878396;39.70794;-31.08998;-0.5426224;0.6930344
1845296870;39.67052;-31.1147;-0.5430539;0.6923813
1845296872;39.67039;-31.11238;-0.5430136;0.692379
1845296873;39.6704;-31.11223;-0.5430108;0.6923791
1845296986;39.67154;-31.11226;-0.5430113;0.6923989
1845296987;39.67149;-31.11188;-0.5430048;0.6923981
1845296990;39.67153;-31.11154;-0.5429988;0.6923988
1845296993;39.67175;-31.1149;-0.5430574;0.6924027
1845296996;39.67181;-31.11472;-0.5430543;0.6924036
1845297003;39.67201;-31.11146;-0.5429974;0.6924073
1845297048;39.67211;-31.11142;-0.5429968;0.692409
1845297058;39.67223;-31.11143;-0.5429968;0.692411
1845297074;39.67241;-31.11491;-0.5430576;0.6924142
1845297075;39.67242;-31.115;-0.5430592;0.6924144
1845297076;39.67245;-31.11472;-0.5430543;0.6924149
1845297079;39.67261;-31.11117;-0.5429923;0.6924176
1845297082;39.67247;-31.11509;-0.5430607;0.6924152
1845297089;39.67252;-31.11518;-0.5430623;0.692416
1845297090;39.67259;-31.11134;-0.5429953;0.6924174
1845297094;39.67225;-31.11147;-0.5429975;0.6924114
1845297109;39.67278;-31.11119;-0.5429926;0.6924207
1845297111;39.67257;-31.1153;-0.5430645;0.692417
1845297113;39.67255;-31.11567;-0.5430709;0.6924165
1845297120;39.67258;-31.11539;-0.543066;0.6924171
1845297134;39.67262;-31.11591;-0.5430751;0.6924179
1845297137;39.67277;-31.11142;-0.5429966;0.6924205
1845297152;39.67238;-31.11158;-0.5429995;0.6924136
1845297154;39.67287;-31.11118;-0.5429925;0.6924222
1845297165;39.6727;-31.11608;-0.5430779;0.6924192
1845297197;39.67293;-31.11113;-0.5429916;0.6924232
1845297202;39.67287;-31.11147;-0.5429975;0.6924222
1845297209;39.67281;-31.11625;-0.5430809;0.6924211
1845297211;39.67311;-31.11113;-0.5429917;0.6924264
1845297246;39.67318;-31.11116;-0.5429922;0.6924277
1845297247;39.67294;-31.11152;-0.5429984;0.6924235
1845297250;39.67294;-31.11643;-0.5430842;0.6924235
1845297252;39.67287;-31.11512;-0.5430613;0.6924223
1845297255;39.6725;-31.11167;-0.5430011;0.6924157
1845297276;39.67325;-31.11119;-0.5429928;0.6924288
1845297281;39.67293;-31.11528;-0.5430641;0.6924232
1845297286;39.673;-31.11151;-0.5429983;0.6924245
1845297289;39.67328;-31.11127;-0.5429942;0.6924294
1845297293;39.67299;-31.11533;-0.543065;0.6924243
1845297298;39.67304;-31.11659;-0.5430869;0.6924252
1845297321;39.67294;-31.1142;-0.5430452;0.6924234
1845297325;39.67284;-31.11179;-0.5430031;0.6924217
1845297336;39.67314;-31.11149;-0.542998;0.6924269
1845297349;39.67329;-31.11133;-0.5429952;0.6924296
1845297435;39.6732;-31.11145;-0.5429972;0.692428
1845297444;39.67315;-31.11542;-0.5430666;0.692427
1845297446;39.67296;-31.11179;-0.5430031;0.6924238
1845297450;39.67315;-31.11286;-0.5430219;0.6924272
1845297453;39.67317;-31.11536;-0.5430655;0.6924274
1845297455;39.67314;-31.11684;-0.5430914;0.6924269
1845297459;39.67327;-31.11411;-0.5430437;0.6924292
1845297467;39.67329;-31.11143;-0.542997;0.6924295
1845297471;39.6732;-31.11693;-0.5430928;0.6924279
1845297503;39.67324;-31.11522;-0.5430631;0.6924286
1845297510;39.67326;-31.11547;-0.5430675;0.692429
1845297515;39.6731;-31.11185;-0.5430042;0.6924262
1845297517;39.67326;-31.11226;-0.5430113;0.6924291
1845297530;39.67329;-31.11194;-0.5430059;0.6924295
1845297560;39.67324;-31.11032;-0.5429775;0.6924288
1845297563;39.67332;-31.1121;-0.5430086;0.6924301
1845297576;39.67335;-31.1151;-0.543061;0.6924306
1845297580;39.67331;-31.11018;-0.542975;0.69243
1845297616;39.67338;-31.11552;-0.5430683;0.6924312
1845297620;39.67341;-31.11028;-0.5429767;0.6924317
1845297624;39.67358;-31.11719;-0.5430974;0.6924347
1845297625;39.67338;-31.11226;-0.5430114;0.6924312
1845297626;39.67344;-31.11033;-0.5429777;0.6924322
1845297629;39.67339;-31.11115;-0.542992;0.6924313
1845297631;39.67343;-31.11103;-0.54299;0.6924319
1845297633;39.67347;-31.11057;-0.5429819;0.6924326
1845297635;39.67342;-31.11087;-0.5429871;0.6924319
1845297637;39.67345;-31.11049;-0.5429806;0.6924323
1845297639;39.67348;-31.11066;-0.5429834;0.6924328
1845297655;39.67345;-31.11082;-0.5429862;0.6924323
1845297656;39.6735;-31.11553;-0.5430684;0.6924331
1845297657;39.67358;-31.11236;-0.543013;0.6924346
1845297658;39.67346;-31.11075;-0.5429851;0.6924325
1845297660;39.67358;-31.11149;-0.542998;0.6924345
1845297662;39.67363;-31.11557;-0.5430692;0.6924354
1845297663;39.67373;-31.11731;-0.5430995;0.6924371
1845297669;39.67371;-31.11133;-0.5429952;0.6924368
1845297673;39.67372;-31.11144;-0.5429971;0.6924371
1845297681;39.67372;-31.11119;-0.5429927;0.6924371
1845297692;39.67383;-31.11735;-0.5431003;0.692439
1845297694;39.67381;-31.11564;-0.5430704;0.6924385
1845297695;39.67382;-31.11252;-0.543016;0.6924388
1845297696;39.67386;-31.11154;-0.5429989;0.6924394
1845297697;39.67378;-31.11108;-0.5429909;0.6924381
1845297704;39.67394;-31.11158;-0.5429994;0.6924409
1845297705;39.67383;-31.11101;-0.5429895;0.692439
1845297706;39.6739;-31.11572;-0.5430717;0.6924402
1845297708;39.67392;-31.11732;-0.5430998;0.6924405
1845297717;39.67397;-31.11075;-0.542985;0.6924415
1845297718;39.67402;-31.11113;-0.5429916;0.6924422
1845297719;39.67399;-31.11067;-0.5429835;0.6924418
1845297727;39.67413;-31.111;-0.5429894;0.6924441
1845297728;39.67416;-31.1172;-0.5430976;0.6924447
1845297729;39.67418;-31.1109;-0.5429876;0.6924451
1845297739;39.67426;-31.11082;-0.5429862;0.6924464
1845297741;39.67434;-31.11724;-0.5430982;0.6924478
1845297743;39.67435;-31.1118;-0.5430034;0.692448
1845297747;39.6743;-31.1115;-0.5429981;0.6924472
1845297748;39.67458;-31.11214;-0.5430093;0.6924521
1845297752;39.67437;-31.11069;-0.542984;0.6924483
1845297753;39.67416;-31.11284;-0.5430216;0.6924447
1845297778;39.67445;-31.11154;-0.5429987;0.6924497
1845297787;39.67446;-31.11279;-0.5430206;0.6924499
1845297790;39.67459;-31.11174;-0.5430022;0.6924523
1845297793;39.67447;-31.11052;-0.5429809;0.6924501
1845297795;39.67451;-31.11264;-0.5430181;0.6924509
1845297797;39.67458;-31.11746;-0.5431021;0.6924521
1845297801;39.67461;-31.11221;-0.5430105;0.6924525
1845297811;39.67456;-31.11252;-0.5430158;0.6924517
1845297813;39.67462;-31.11227;-0.5430116;0.6924528
1845297815;39.67459;-31.11241;-0.543014;0.6924523
1845297822;39.67474;-31.11186;-0.5430045;0.6924549
1845297847;39.67488;-31.11762;-0.5431049;0.6924573
1845297851;39.67486;-31.11386;-0.5430393;0.692457
1845297854;39.67501;-31.11779;-0.5431079;0.6924596
1845297862;39.67513;-31.11808;-0.5431129;0.6924617
1845297878;39.67518;-31.11823;-0.5431156;0.6924625
1845297881;39.67513;-31.10915;-0.5429572;0.6924617
1845297882;39.67524;-31.10943;-0.5429621;0.6924635
1845297890;39.6751;-31.11047;-0.5429801;0.6924611
1845297891;39.67516;-31.10856;-0.5429469;0.6924621
1845297892;39.67522;-31.11846;-0.5431195;0.6924632
1845297895;39.67516;-31.11118;-0.5429925;0.6924621
1845297896;39.6753;-31.10854;-0.5429465;0.6924646
1845297898;39.67543;-31.11175;-0.5430024;0.6924669
1845297901;39.67527;-31.11868;-0.5431234;0.6924641
1845297903;39.67516;-31.11017;-0.5429749;0.6924621
1845297907;39.67522;-31.11221;-0.5430104;0.6924632
1845297909;39.67524;-31.11034;-0.5429778;0.6924635
1845297917;39.67525;-31.11073;-0.5429848;0.6924637
1845297920;39.67533;-31.11103;-0.5429899;0.6924652
1845297923;39.67537;-31.11874;-0.5431245;0.6924658
1845297925;39.67542;-31.10851;-0.542946;0.6924666
1845297927;39.6754;-31.10988;-0.5429698;0.6924664
1845297929;39.67541;-31.11015;-0.5429745;0.6924666
1845297931;39.67542;-31.11031;-0.5429773;0.6924667
1845297933;39.67547;-31.11869;-0.5431237;0.6924676
1845297934;39.67543;-31.11064;-0.5429831;0.6924669
1845297935;39.67556;-31.11185;-0.5430043;0.6924692
1845297936;39.67548;-31.10847;-0.5429452;0.6924678
1845297937;39.67541;-31.11122;-0.5429932;0.6924666
1845297940;39.67548;-31.11092;-0.5429881;0.6924678
1845297941;39.67562;-31.11856;-0.5431212;0.6924701
1845297942;39.67579;-31.112;-0.5430069;0.6924732
1845297943;39.67552;-31.11139;-0.5429962;0.6924685
1845297944;39.6756;-31.10835;-0.5429432;0.6924699
1845297946;39.6756;-31.11137;-0.5429958;0.6924698
1845297947;39.67562;-31.11132;-0.5429949;0.6924702
1845297949;39.67556;-31.1111;-0.542991;0.6924692
1845297950;39.67577;-31.11863;-0.5431225;0.6924729
1845297951;39.67582;-31.11207;-0.5430081;0.6924738
1845297953;39.67584;-31.11216;-0.5430096;0.692474
1845297954;39.67585;-31.11275;-0.54302;0.6924743
1845297955;39.67582;-31.11259;-0.5430172;0.6924736
1845297956;39.67556;-31.11263;-0.5430177;0.6924692
1845297957;39.67582;-31.11228;-0.5430117;0.6924738
1845297961;39.6758;-31.11248;-0.5430153;0.6924734
1845297962;39.6758;-31.11292;-0.5430229;0.6924733
1845297964;39.67596;-31.11296;-0.5430236;0.6924762
1845297967;39.67584;-31.11301;-0.5430245;0.6924741
1845297969;39.67588;-31.11322;-0.5430281;0.6924747
1845297970;39.67607;-31.11306;-0.5430254;0.6924781
1845297972;39.67592;-31.11865;-0.5431229;0.6924755
1845297976;39.67601;-31.11328;-0.5430292;0.6924771
1845297987;39.6761;-31.11314;-0.5430267;0.6924785
1845297988;39.67603;-31.1187;-0.5431238;0.6924773
1845297992;39.67605;-31.11327;-0.543029;0.6924777
1845297995;39.67609;-31.11321;-0.5430279;0.6924785
1845298001;39.67614;-31.11869;-0.5431237;0.6924792
1845298004;39.67624;-31.11865;-0.5431229;0.692481
1845298005;39.67625;-31.11349;-0.5430328;0.6924812
1845298006;39.67631;-31.11858;-0.5431216;0.6924823
1845298007;39.67634;-31.11837;-0.5431181;0.6924828
1845298008;39.67633;-31.11813;-0.5431138;0.6924826
1845298009;39.67626;-31.10752;-0.5429286;0.6924814
1845298011;39.67641;-31.1178;-0.5431081;0.6924841
1845298013;39.67641;-31.11365;-0.5430356;0.692484
1845298014;39.67656;-31.11755;-0.5431038;0.6924866
1845298018;39.67648;-31.10723;-0.5429236;0.6924852
1845298019;39.67665;-31.11413;-0.543044;0.6924882
1845298021;39.67676;-31.11438;-0.5430484;0.6924901
1845298022;39.67679;-31.11737;-0.5431006;0.6924906
1845298023;39.67692;-31.1158;-0.5430732;0.6924928
1845298024;39.67684;-31.11468;-0.5430536;0.6924915
1845298025;39.67688;-31.1173;-0.5430993;0.6924921
1845298026;39.6769;-31.1162;-0.5430802;0.6924926
1845298028;39.67689;-31.11517;-0.5430622;0.6924924
1845298029;39.67693;-31.11723;-0.5430982;0.6924931
1845298030;39.67694;-31.11709;-0.5430956;0.6924933
1845298031;39.67695;-31.11662;-0.5430874;0.6924934
1845298033;39.67686;-31.10715;-0.5429221;0.6924918
1845298038;39.67705;-31.10596;-0.5429013;0.6924951
1845298041;39.67715;-31.10574;-0.5428975;0.6924969
1845298042;39.67703;-31.10679;-0.5429159;0.6924949
1845298045;39.67735;-31.10616;-0.5429049;0.6925003
1845298047;39.67742;-31.10604;-0.5429029;0.6925017
1845298048;39.67762;-31.10563;-0.5428957;0.6925051
1845298049;39.67776;-31.10564;-0.5428958;0.6925076
1845298050;39.67758;-31.10512;-0.5428868;0.6925043
1845298051;39.67793;-31.10572;-0.5428972;0.6925104
1845298053;39.67789;-31.10475;-0.5428803;0.6925098
1845298054;39.67807;-31.10456;-0.542877;0.692513
1845298055;39.67827;-31.10435;-0.5428733;0.6925165
1845298056;39.67832;-31.10331;-0.5428551;0.6925173
1845298057;39.67843;-31.10427;-0.5428718;0.6925192
1845298058;39.67847;-31.10291;-0.5428482;0.69252
1845298059;39.67861;-31.10418;-0.5428704;0.6925223
1845298060;39.67875;-31.10393;-0.5428659;0.6925247
1845298061;39.6786;-31.1027;-0.5428444;0.6925222
1845298062;39.67894;-31.10354;-0.5428591;0.6925281
1845298065;39.68033;-31.10202;-0.5428326;0.6925524
1845298067;39.68052;-31.10192;-0.5428309;0.6925558
1845298068;39.68079;-31.10153;-0.542824;0.6925604
1845298069;39.68093;-31.10139;-0.5428217;0.6925628
1845298075;39.68203;-31.1008;-0.5428113;0.6925821
1845298077;39.6841;-31.09826;-0.542767;0.6926181
1845298079;39.68457;-31.09855;-0.5427721;0.6926264
1845298080;39.68527;-31.09945;-0.5427877;0.6926386
1845298083;39.68646;-31.10054;-0.5428067;0.6926594
1845298084;39.68636;-31.09611;-0.5427294;0.6926576
1845298085;39.6866;-31.09511;-0.542712;0.6926618
1845298088;39.68771;-31.10396;-0.5428666;0.6926811
1845298089;39.68788;-31.10386;-0.5428647;0.6926841
1845298090;39.68797;-31.10224;-0.5428365;0.6926857
1845298092;39.68796;-31.10384;-0.5428644;0.6926856
1845298093;39.68805;-31.10385;-0.5428646;0.6926872
1845298094;39.68821;-31.1034;-0.5428568;0.69269
1845298095;39.68815;-31.10313;-0.5428521;0.6926889
1845298096;39.68818;-31.10305;-0.5428507;0.6926894
1845298098;39.68824;-31.1035;-0.5428585;0.6926906
1845298099;39.68811;-31.1038;-0.5428637;0.6926883
1845298100;39.68817;-31.10372;-0.5428623;0.6926892
1845298101;39.68823;-31.10363;-0.5428607;0.6926903
1845298102;39.68834;-31.09327;-0.5426799;0.6926922
1845298106;39.68827;-31.10298;-0.5428494;0.692691
1845298107;39.68835;-31.10262;-0.5428431;0.6926923
1845298108;39.68841;-31.10286;-0.5428472;0.6926935
1845298117;39.68945;-31.10373;-0.5428625;0.6927116
1845298127;39.69046;-31.08882;-0.5426023;0.6927292
1845298129;39.69062;-31.08911;-0.5426073;0.6927321
1845298130;39.69068;-31.08948;-0.5426138;0.692733
1845298131;39.69095;-31.09053;-0.5426322;0.6927378
1845298132;39.69109;-31.09202;-0.542658;0.6927403
1845298134;39.69105;-31.0911;-0.5426421;0.6927395
1845298135;39.69139;-31.09162;-0.5426511;0.6927454
1845298136;39.69128;-31.10146;-0.5428228;0.6927435
1845298137;39.69167;-31.09156;-0.5426501;0.6927504
1845298138;39.69176;-31.10087;-0.5428125;0.692752
1845298139;39.69205;-31.10052;-0.5428064;0.6927571
1845298140;39.69226;-31.10035;-0.5428035;0.6927606
1845298141;39.69247;-31.10024;-0.5428017;0.6927643
1845298142;39.69262;-31.09156;-0.54265;0.692767
1845298143;39.69275;-31.10017;-0.5428004;0.6927692
1845298144;39.69276;-31.09152;-0.5426494;0.6927693
1845298145;39.69289;-31.10011;-0.5427994;0.6927716
1845298147;39.69298;-31.09138;-0.5426469;0.6927732
1845298148;39.69316;-31.09993;-0.5427961;0.6927764
1845298149;39.69347;-31.09971;-0.5427924;0.6927818
1845298150;39.69325;-31.09099;-0.5426401;0.6927779
1845298151;39.69356;-31.08701;-0.5425707;0.6927833
1845298152;39.69392;-31.08826;-0.5425926;0.6927896
1845298153;39.69415;-31.08904;-0.5426061;0.6927936
1845298154;39.69441;-31.08994;-0.5426218;0.6927981
1845298158;39.69455;-31.09949;-0.5427885;0.6928006
1845298160;39.69489;-31.09931;-0.5427854;0.6928064
1845298173;39.69529;-31.09893;-0.5427787;0.6928135
1845298174;39.69543;-31.09885;-0.5427774;0.692816
1845298175;39.69574;-31.09881;-0.5427766;0.6928214
1845298177;39.69577;-31.09108;-0.5426416;0.692822
1845298180;39.6959;-31.09879;-0.5427762;0.6928241
1845298182;39.69598;-31.09871;-0.5427749;0.6928255
1845298183;39.69609;-31.09861;-0.5427732;0.6928274
1845298186;39.6967;-31.0979;-0.5427607;0.6928381
1845298193;39.69693;-31.09019;-0.5426261;0.6928421
1845298195;39.69704;-31.09763;-0.5427561;0.692844
1845298196;39.69736;-31.09762;-0.5427559;0.6928497
1845298198;39.69773;-31.09783;-0.5427595;0.6928562
1845298202;39.69781;-31.09789;-0.5427605;0.6928576
1845298206;39.69807;-31.0979;-0.5427608;0.692862
1845298210;39.69853;-31.09739;-0.5427519;0.6928701
1845298212;39.69868;-31.0973;-0.5427502;0.6928728
1845298213;39.69883;-31.09726;-0.5427496;0.6928753
1845298216;39.69947;-31.09734;-0.542751;0.6928864
1845298219;39.69962;-31.09745;-0.5427529;0.6928891
1845298222;39.69996;-31.09794;-0.5427615;0.692895
1845298226;39.70029;-31.09835;-0.5427686;0.6929007
1845298238;39.70039;-31.09833;-0.5427683;0.6929026
1845298240;39.70086;-31.09789;-0.5427606;0.6929107
1845298242;39.70108;-31.09774;-0.542758;0.6929145
1845298244;39.70085;-31.09053;-0.542632;0.6929106
1845298245;39.70118;-31.09775;-0.542758;0.6929164
1845298252;39.70144;-31.09795;-0.5427617;0.6929207
1845298254;39.70124;-31.09073;-0.5426357;0.6929173
1845298255;39.70136;-31.09079;-0.5426366;0.6929195
1845298290;39.7023;-31.09811;-0.5427644;0.6929358
1845298299;39.70233;-31.09063;-0.5426338;0.6929364
1845298300;39.70247;-31.09812;-0.5427645;0.6929387
1845298301;39.70277;-31.09812;-0.5427646;0.692944
1845298304;39.70329;-31.09789;-0.5427606;0.6929531
1845298305;39.7034;-31.09783;-0.5427595;0.6929551
1845298308;39.70336;-31.09015;-0.5426255;0.6929544
1845298309;39.70353;-31.09782;-0.5427594;0.6929574
1845298311;39.70369;-31.09789;-0.5427606;0.6929602
1845298312;39.70349;-31.09013;-0.5426251;0.6929566
1845298314;39.7044;-31.09839;-0.5427693;0.6929725
1845298315;39.70378;-31.09021;-0.5426264;0.6929618
1845298318;39.70452;-31.09847;-0.5427706;0.6929746
1845298323;39.70487;-31.09845;-0.5427704;0.6929807
1845298325;39.70484;-31.0909;-0.5426387;0.6929802
1845298327;39.70496;-31.09832;-0.5427681;0.6929822
1845298328;39.70502;-31.09085;-0.5426376;0.6929834
1845298329;39.70523;-31.09067;-0.5426345;0.6929871
1845298332;39.70533;-31.0976;-0.5427555;0.6929888
1845298334;39.70567;-31.0976;-0.5427555;0.6929947
1845298337;39.70595;-31.09766;-0.5427566;0.6929995
1845298338;39.70549;-31.09042;-0.5426303;0.6929915
1845298342;39.70722;-31.0981;-0.5427643;0.6930218
1845298344;39.7062;-31.08643;-0.5425606;0.6930038
1845298347;39.70652;-31.08752;-0.5425795;0.6930095
1845298350;39.70668;-31.08831;-0.5425934;0.6930123
1845298351;39.70678;-31.0888;-0.5426019;0.693014
1845298353;39.70701;-31.08957;-0.5426154;0.693018
1845298354;39.70752;-31.09001;-0.542623;0.693027
1845298355;39.70768;-31.09002;-0.5426232;0.6930298
1845298357;39.70833;-31.09842;-0.5427698;0.6930411
1845298358;39.70842;-31.09834;-0.5427684;0.6930427
1845298360;39.70875;-31.0982;-0.542766;0.6930485
1845298362;39.7089;-31.09813;-0.5427648;0.693051
1845298363;39.70902;-31.09805;-0.5427633;0.6930532
1845298364;39.70838;-31.09838;-0.5427691;0.6930419
1845298367;39.70909;-31.09797;-0.5427619;0.6930543
1845298369;39.70922;-31.09772;-0.5427576;0.6930566
1845298370;39.70932;-31.09767;-0.5427567;0.6930583
1845298373;39.7097;-31.09773;-0.5427577;0.693065
2119289714;39.6704;-31.11464;-0.543053;0.6923791
2119289721;39.67039;-31.1123;-0.543012;0.6923789
2119289722;39.67044;-31.11311;-0.5430262;0.6923797
2119289725;39.67074;-31.11478;-0.5430554;0.6923851
2119289742;39.67093;-31.11495;-0.5430583;0.6923884
2119289756;39.67094;-31.11501;-0.5430593;0.6923886
2119289762;39.67096;-31.11509;-0.5430608;0.692389
2119289822;39.67134;-31.11861;-0.5431222;0.6923955
2119289826;39.6715;-31.11237;-0.5430133;0.6923984
2119289830;39.67156;-31.11249;-0.5430153;0.6923993
2119289832;39.67149;-31.11099;-0.5429892;0.6923981
2119289840;39.67151;-31.11197;-0.5430062;0.6923985
2119289841;39.67162;-31.12196;-0.5431807;0.6924003
2119289846;39.6717;-31.12202;-0.5431817;0.6924017
2119289848;39.67162;-31.11077;-0.5429853;0.6924004
2119289852;39.67169;-31.11067;-0.5429837;0.6924016
2119289853;39.67172;-31.11059;-0.5429822;0.6924021
2119289855;39.67175;-31.11499;-0.5430591;0.6924027
2119289857;39.67177;-31.11613;-0.543079;0.692403
2119289859;39.67177;-31.11547;-0.5430675;0.692403
2119289863;39.67187;-31.11281;-0.543021;0.6924047
2119289871;39.67187;-31.1099;-0.5429701;0.6924047
2119289873;39.67194;-31.11461;-0.5430525;0.6924059
2119289875;39.67213;-31.11327;-0.543029;0.6924094
2119289879;39.67219;-31.11342;-0.5430316;0.6924103
2119289881;39.67226;-31.11356;-0.5430341;0.6924115
2119289883;39.67219;-31.12178;-0.5431775;0.6924103
2119289885;39.67233;-31.12134;-0.5431698;0.6924129
2119289887;39.67235;-31.12119;-0.5431672;0.6924132
2119289891;39.67259;-31.1141;-0.5430436;0.6924174
2119289892;39.67262;-31.11407;-0.5430429;0.6924177
2119289895;39.67263;-31.11403;-0.5430422;0.6924181
2119289896;39.67289;-31.11518;-0.5430623;0.6924225
2119289897;39.6729;-31.11523;-0.5430632;0.6924227
2119289898;39.67296;-31.11531;-0.5430647;0.6924238
2119289899;39.67265;-31.11175;-0.5430024;0.6924183
2119289922;39.67322;-31.11283;-0.5430214;0.6924283
2119289923;39.67338;-31.11285;-0.5430217;0.6924311
2119289924;39.67371;-31.11139;-0.5429962;0.6924368
2119289925;39.67388;-31.11261;-0.5430175;0.6924399
2119289926;39.67392;-31.11114;-0.5429919;0.6924405
2119289927;39.67431;-31.11172;-0.543002;0.6924474
2119289928;39.67428;-31.11158;-0.5429996;0.6924468
2119289929;39.67437;-31.11151;-0.5429983;0.6924483
2119289930;39.67442;-31.11282;-0.5430211;0.6924493
2119289931;39.67451;-31.11164;-0.5430006;0.6924509
2119289932;39.67449;-31.11273;-0.5430195;0.6924505
2119289933;39.67462;-31.11234;-0.5430128;0.6924527
2119289934;39.67482;-31.11402;-0.5430421;0.6924562
2119289935;39.67488;-31.11402;-0.5430421;0.6924574
2119289937;39.67504;-31.10887;-0.5429522;0.6924601
2119289938;39.67501;-31.10868;-0.5429488;0.6924596
2119289940;39.67511;-31.11069;-0.542984;0.6924613
2119289942;39.67536;-31.11163;-0.5430003;0.6924656
2119289943;39.67521;-31.11019;-0.5429752;0.692463
2119289944;39.67523;-31.11056;-0.5429817;0.6924633
2119289945;39.6755;-31.1118;-0.5430033;0.692468
2119289946;39.67527;-31.11086;-0.5429869;0.6924641
2119289948;39.67573;-31.11195;-0.5430059;0.6924721
2119289949;39.67547;-31.11134;-0.5429954;0.6924676
2119289950;39.67556;-31.10839;-0.5429438;0.6924692
2119289951;39.67561;-31.11121;-0.5429931;0.69247
2119289953;39.67567;-31.11275;-0.5430198;0.6924711
2119289954;39.67591;-31.11288;-0.5430223;0.6924752
2119289955;39.67581;-31.11239;-0.5430136;0.6924735
2119289956;39.67603;-31.11301;-0.5430244;0.6924773
2119289959;39.67595;-31.11327;-0.543029;0.6924759
2119289961;39.67607;-31.11325;-0.5430286;0.692478
2119289963;39.67711;-31.10621;-0.5429058;0.6924962
2119289964;39.67722;-31.10625;-0.5429064;0.692498
2119289965;39.67735;-31.1054;-0.5428916;0.6925004
2119289966;39.67718;-31.10653;-0.5429114;0.6924974
2119289967;39.67777;-31.10491;-0.5428831;0.6925077
2119289968;39.69376;-31.09078;-0.5426366;0.6927868
2119289970;39.69489;-31.09077;-0.5426364;0.6928066
2119289971;39.69555;-31.09103;-0.5426409;0.6928181
2119289972;39.69665;-31.0903;-0.5426282;0.6928373
2119289973;39.69745;-31.09036;-0.5426292;0.6928512
2119289974;39.69787;-31.09793;-0.5427612;0.6928586
2119289976;39.69796;-31.09059;-0.5426332;0.6928602
2119289977;39.69915;-31.09726;-0.5427495;0.6928808
2119289978;39.69907;-31.09098;-0.54264;0.6928794
2119289979;39.69986;-31.09778;-0.5427587;0.6928932
2119289980;39.70015;-31.09823;-0.5427665;0.6928983
2119289981;39.70011;-31.09087;-0.5426381;0.6928977
2119289982;39.70021;-31.09833;-0.5427682;0.6928995
2119289983;39.70026;-31.09836;-0.5427687;0.6929002
2119289986;39.70073;-31.09804;-0.5427632;0.6929085
2119289987;39.70059;-31.09067;-0.5426345;0.692906
2119289994;39.70205;-31.09824;-0.5427666;0.6929315
2614552611;39.67196;-31.10996;-0.5429713;0.6924064
2781754139;39.69475;-31.09033;-0.5426286;0.692804
2781754141;39.69491;-31.09027;-0.5426276;0.6928068
2781754142;39.69511;-31.0902;-0.5426263;0.6928104
2781754143;39.6952;-31.09009;-0.5426244;0.6928119
2781754144;39.6954;-31.08973;-0.5426181;0.6928154
2781754146;39.69554;-31.08945;-0.5426133;0.6928178
2781754147;39.69563;-31.08929;-0.5426105;0.6928194
2781754148;39.69582;-31.08912;-0.5426075;0.6928227
2781754149;39.69588;-31.08905;-0.5426063;0.6928239
2781754150;39.69589;-31.08899;-0.5426053;0.6928239
2781754151;39.69589;-31.08861;-0.5425986;0.692824
2781754152;39.69591;-31.08838;-0.5425946;0.6928243
2781754153;39.69593;-31.08823;-0.542592;0.6928246
2781754154;39.69598;-31.08808;-0.5425894;0.6928255
2781754155;39.6961;-31.08786;-0.5425856;0.6928276
2781754156;39.6962;-31.08772;-0.5425831;0.6928294
2781754157;39.6963;-31.08761;-0.5425812;0.6928312
2781754158;39.69653;-31.08751;-0.5425794;0.6928352
2781754160;39.69668;-31.08748;-0.5425789;0.6928377
2781754161;39.69718;-31.08543;-0.5425432;0.6928465
2781754162;39.69739;-31.08586;-0.5425505;0.6928501
2781754163;39.69748;-31.08614;-0.5425556;0.6928517
2781754164;39.69756;-31.08651;-0.542562;0.6928532
2781754165;39.69773;-31.08708;-0.5425718;0.6928561
2781754166;39.69769;-31.0875;-0.5425792;0.6928554
2781754167;39.69781;-31.08722;-0.5425743;0.6928576
2781754168;39.69777;-31.08749;-0.542579;0.6928567
2781754169;39.69782;-31.08744;-0.5425781;0.6928577
2781754172;39.69797;-31.0871;-0.5425723;0.6928603
2781754173;39.69806;-31.08702;-0.5425708;0.6928618
2781754174;39.69817;-31.08698;-0.5425702;0.6928638
2781754176;39.69831;-31.08691;-0.542569;0.6928663
2781754177;39.69841;-31.0868;-0.542567;0.6928679
2781754178;39.69849;-31.08654;-0.5425624;0.6928693
2781754179;39.6986;-31.08605;-0.5425538;0.6928713
2781754180;39.69867;-31.08589;-0.5425512;0.6928725
2781754181;39.69875;-31.0858;-0.5425496;0.6928739
2781754182;39.69891;-31.08576;-0.5425489;0.6928766
2781754183;39.69903;-31.08586;-0.5425507;0.6928787
2781754184;39.69912;-31.08601;-0.5425532;0.6928803
2781754185;39.69918;-31.08608;-0.5425544;0.6928814
2781754186;39.69922;-31.08608;-0.5425545;0.6928821
2781754187;39.6993;-31.08605;-0.5425539;0.6928834
2781754188;39.69958;-31.08582;-0.5425498;0.6928885
2781754189;39.69994;-31.08553;-0.5425449;0.6928948
2781754191;39.70022;-31.08528;-0.5425405;0.6928996
2781754192;39.70049;-31.08507;-0.5425369;0.6929042
2781754193;39.70071;-31.08495;-0.5425346;0.6929081
2781754194;39.70103;-31.08483;-0.5425327;0.6929137
2781754195;39.70135;-31.08475;-0.5425313;0.6929193
2781754196;39.70158;-31.08477;-0.5425315;0.6929232
2781754197;39.70169;-31.0849;-0.5425338;0.6929252
2781754198;39.70181;-31.08517;-0.5425385;0.6929274
2781754199;39.7019;-31.08531;-0.542541;0.6929289
2781754200;39.70199;-31.08541;-0.5425428;0.6929304
2781754201;39.70205;-31.0854;-0.5425426;0.6929314
2781754203;39.70215;-31.08538;-0.5425423;0.6929332
2781754204;39.70231;-31.08525;-0.54254;0.692936
2785136484;39.672;-31.11839;-0.5431184;0.692407
2785136485;39.67235;-31.11831;-0.543117;0.6924132
2785136487;39.6726;-31.11834;-0.5431174;0.6924174
2785136488;39.67285;-31.11822;-0.5431154;0.6924219
2785136489;39.67308;-31.11814;-0.543114;0.6924259
2785136490;39.67326;-31.1181;-0.5431132;0.6924291
2785136491;39.67336;-31.11702;-0.5430944;0.6924308
2785136494;39.67337;-31.11809;-0.5431131;0.692431
2785136495;39.67349;-31.11805;-0.5431125;0.692433
2785136496;39.67356;-31.118;-0.5431116;0.6924343
2785136498;39.67359;-31.11771;-0.5431066;0.6924347
2785136499;39.6736;-31.11795;-0.5431107;0.6924349
2785136507;39.67813;-31.10586;-0.5428997;0.6925141
2785136508;39.67799;-31.10469;-0.5428793;0.6925115
2785136509;39.67804;-31.10428;-0.5428721;0.6925125
2785136511;39.67826;-31.10592;-0.5429007;0.6925164
2785136512;39.67844;-31.10596;-0.5429013;0.6925194
2785136513;39.67864;-31.10596;-0.5429014;0.6925229
2785136514;39.67879;-31.10589;-0.5429002;0.6925255
2785136516;39.67894;-31.10584;-0.5428994;0.6925281
2785136517;39.67896;-31.10245;-0.5428402;0.6925285
2785136518;39.67904;-31.10581;-0.5428988;0.6925299
2785136519;39.67917;-31.10568;-0.5428965;0.6925321
2785136520;39.67973;-31.10223;-0.5428363;0.6925419
2785136521;39.67925;-31.10562;-0.5428954;0.6925336
2785136522;39.67942;-31.10563;-0.5428957;0.6925365
2785136523;39.67962;-31.10575;-0.5428978;0.69254
2785136524;39.67974;-31.1058;-0.5428986;0.6925422
2785136525;39.68027;-31.10576;-0.5428979;0.6925513
2785136526;39.68036;-31.10581;-0.5428988;0.6925529
2785136527;39.6805;-31.1059;-0.5429003;0.6925554
2785136528;39.68066;-31.10178;-0.5428284;0.6925581
2785136529;39.68062;-31.10596;-0.5429014;0.6925575
2785136530;39.68073;-31.10594;-0.5429012;0.6925594
2785136531;39.68087;-31.10588;-0.5429001;0.6925619
2785136532;39.68114;-31.10127;-0.5428196;0.6925666
2785136534;39.68121;-31.1017;-0.5428271;0.6925678
2785136535;39.68128;-31.10122;-0.5428187;0.692569
2785136536;39.68124;-31.10584;-0.5428993;0.6925684
2785136537;39.68128;-31.10193;-0.5428311;0.692569
2785136539;39.68152;-31.1021;-0.5428341;0.6925732
2785136540;39.68158;-31.10587;-0.5428998;0.6925742
2785136541;39.68177;-31.10229;-0.5428373;0.6925775
2785136542;39.68182;-31.10583;-0.5428991;0.6925783
2785136544;39.68156;-31.10106;-0.5428159;0.6925738
2785136545;39.6818;-31.10246;-0.5428404;0.6925781
2785136546;39.68186;-31.10093;-0.5428137;0.6925791
2785136547;39.68189;-31.10264;-0.5428435;0.6925796
2785136549;39.68199;-31.10585;-0.5428995;0.6925814
2785136550;39.68198;-31.10288;-0.5428478;0.6925813
2785136551;39.68213;-31.10591;-0.5429006;0.6925839
2785136552;39.68227;-31.10306;-0.5428507;0.6925862
2785136554;39.68233;-31.10602;-0.5429025;0.6925873
2785136555;39.68249;-31.10606;-0.5429031;0.6925901
2785136556;39.68252;-31.10346;-0.5428579;0.6925907
2785136557;39.68224;-31.10049;-0.542806;0.6925856
2785136559;39.68263;-31.10354;-0.5428591;0.6925926
2785136560;39.68256;-31.09992;-0.542796;0.6925913
2785136561;39.68278;-31.09958;-0.5427901;0.6925952
2785136562;39.68288;-31.10365;-0.542861;0.692597
2785136563;39.68287;-31.10606;-0.5429031;0.6925967
2785136565;39.68302;-31.10372;-0.5428624;0.6925993
2785136566;39.68294;-31.09947;-0.5427881;0.6925979
2785136567;39.68317;-31.10396;-0.5428665;0.692602
2785136568;39.68319;-31.09941;-0.5427871;0.6926024
2785136570;39.68344;-31.10418;-0.5428704;0.6926067
2785136571;39.68335;-31.09932;-0.5427856;0.6926051
2785136572;39.68346;-31.09917;-0.5427829;0.692607
2785136573;39.68373;-31.10608;-0.5429034;0.6926118
2785136574;39.68373;-31.10639;-0.5429088;0.6926118
2785136576;39.68368;-31.10433;-0.5428729;0.6926109
2785136577;39.68383;-31.10656;-0.5429119;0.6926134
2785136579;39.68377;-31.10449;-0.5428758;0.6926125
2785136581;39.68379;-31.10489;-0.5428827;0.6926128
2785136582;39.6839;-31.10536;-0.5428909;0.6926147
2785136583;39.68393;-31.10584;-0.5428994;0.6926153
2785136584;39.68391;-31.0985;-0.5427712;0.6926149
2785136585;39.6841;-31.10701;-0.5429198;0.6926181
2785136587;39.6841;-31.10578;-0.5428982;0.6926181
2785136588;39.68423;-31.10734;-0.5429254;0.6926205
2785136589;39.68435;-31.10768;-0.5429314;0.6926225
2785136590;39.68446;-31.10569;-0.5428967;0.6926246
2785136592;39.68447;-31.10814;-0.5429394;0.6926247
2785136593;39.68464;-31.10826;-0.5429416;0.6926275
2785136594;39.68509;-31.10813;-0.5429392;0.6926355
2785136597;39.68518;-31.11069;-0.5429839;0.692637
2785136598;39.68524;-31.11022;-0.5429757;0.6926382
2785136600;39.68524;-31.1109;-0.5429876;0.6926382
2785136601;39.68528;-31.09713;-0.5427473;0.6926388
2785136602;39.68529;-31.10529;-0.5428898;0.692639
2785136603;39.68544;-31.10942;-0.5429617;0.6926416
2785136605;39.68554;-31.11115;-0.542992;0.6926433
2785136606;39.68556;-31.10801;-0.5429372;0.6926436
2785136607;39.68557;-31.10527;-0.5428893;0.6926439
2785136608;39.68567;-31.10897;-0.542954;0.6926457
2785136610;39.68572;-31.09682;-0.542742;0.6926464
2785136611;39.68589;-31.10795;-0.5429362;0.6926494
2785136612;39.68584;-31.10513;-0.542887;0.6926485
2785136614;39.68599;-31.10858;-0.5429472;0.6926512
2785136615;39.68601;-31.09654;-0.5427371;0.6926516
2785136616;39.68625;-31.10804;-0.5429376;0.6926558
2785136617;39.68613;-31.11133;-0.5429952;0.6926537
2785136619;39.6862;-31.10482;-0.5428815;0.6926549
2785136620;39.68626;-31.10842;-0.5429444;0.6926559
2785136621;39.68627;-31.09631;-0.5427331;0.692656
2785136622;39.68664;-31.1082;-0.5429405;0.6926625
2785136624;39.68679;-31.11147;-0.5429976;0.6926652
2785136625;39.68679;-31.10454;-0.5428767;0.6926652
2785136626;39.68669;-31.11515;-0.5430618;0.6926634
2785136627;39.68683;-31.11486;-0.5430568;0.6926659
2785136628;39.6866;-31.11539;-0.543066;0.6926618
2785136630;39.68699;-31.1082;-0.5429405;0.6926686
2785136631;39.68716;-31.11449;-0.5430503;0.6926717
2785136632;39.68724;-31.10419;-0.5428706;0.692673
2785136633;39.68706;-31.11609;-0.5430781;0.6926699
2785136635;39.6874;-31.10822;-0.5429408;0.6926759
2785136636;39.68758;-31.0939;-0.542691;0.6926789
2785136637;39.68776;-31.11658;-0.5430868;0.6926821
2785136638;39.68788;-31.11364;-0.5430354;0.6926841
2785136640;39.68792;-31.09359;-0.5426855;0.6926849
2785136641;39.68788;-31.11173;-0.5430022;0.6926842
2785136642;39.68793;-31.10816;-0.5429399;0.692685
2785136643;39.68824;-31.10254;-0.5428417;0.6926905
2785136645;39.6884;-31.10228;-0.5428372;0.6926932
2785136646;39.68822;-31.11329;-0.5430292;0.6926901
2785136647;39.68843;-31.11694;-0.5430931;0.6926938
2785136648;39.6887;-31.10211;-0.5428343;0.6926985
2785136650;39.68853;-31.10811;-0.542939;0.6926955
2785136651;39.68848;-31.11214;-0.5430093;0.6926947
2785136652;39.6884;-31.11311;-0.5430262;0.6926934
2785136653;39.68859;-31.11263;-0.5430177;0.6926966
2785136655;39.68864;-31.11242;-0.5430141;0.6926975
2785136656;39.6889;-31.10818;-0.5429401;0.692702
2785136657;39.68904;-31.1172;-0.5430976;0.6927045
2785136658;39.68923;-31.10843;-0.5429446;0.6927078
2785136660;39.68908;-31.1019;-0.5428306;0.6927051
2785136666;39.68918;-31.10187;-0.54283;0.6927068
2785136667;39.68931;-31.10197;-0.5428317;0.6927091
2785136668;39.68937;-31.10235;-0.5428385;0.6927101
2785136669;39.68943;-31.10335;-0.5428558;0.6927112
2785136670;39.68947;-31.10404;-0.5428679;0.6927119
2785136671;39.6895;-31.11736;-0.5431004;0.6927124
2785136672;39.68952;-31.1042;-0.5428707;0.6927128
2785136675;39.68962;-31.10427;-0.542872;0.6927146
2785136678;39.68972;-31.10428;-0.5428721;0.6927164
2785136679;39.68979;-31.10882;-0.5429513;0.6927174
2785136680;39.6898;-31.10423;-0.5428711;0.6927177
2785136681;39.6899;-31.11745;-0.543102;0.6927193
2785136682;39.68987;-31.10406;-0.5428683;0.692719
2785136683;39.69022;-31.10923;-0.5429585;0.6927249
2785136684;39.69051;-31.11664;-0.5430878;0.6927301
2785136685;39.69031;-31.10267;-0.542844;0.6927266
2785136686;39.69049;-31.10221;-0.5428361;0.6927298
2785136687;39.69055;-31.10925;-0.5429589;0.6927308
2785136688;39.69069;-31.10188;-0.5428303;0.6927332
2785136690;39.69089;-31.1161;-0.5430784;0.6927367
2785136696;39.69115;-31.10927;-0.5429592;0.6927413
2785136697;39.69135;-31.10987;-0.5429698;0.6927448
2785136698;39.69136;-31.10976;-0.5429678;0.692745
2785136699;39.69142;-31.10996;-0.5429713;0.692746
2785136701;39.69139;-31.10969;-0.5429665;0.6927454
2785136702;39.69128;-31.11587;-0.5430744;0.6927435
2785136706;39.69159;-31.10929;-0.5429595;0.6927488
2785136707;39.69159;-31.10945;-0.5429624;0.692749
2785136708;39.69164;-31.11008;-0.5429733;0.6927499
2785136712;39.69163;-31.10936;-0.5429607;0.6927497
2785136713;39.69173;-31.11111;-0.5429912;0.6927515
2785136714;39.69173;-31.1113;-0.5429946;0.6927515
2785136715;39.69182;-31.11092;-0.5429881;0.6927529
2785136717;39.69189;-31.11024;-0.542976;0.6927543
2785136718;39.69188;-31.11156;-0.5429992;0.692754
2785136719;39.69196;-31.1104;-0.5429788;0.6927555
2785136720;39.69191;-31.11061;-0.5429825;0.6927546
2785136722;39.69204;-31.11174;-0.5430023;0.6927567
2785136723;39.69401;-31.08843;-0.5425954;0.6927912
2785136734;39.7063;-31.08675;-0.5425661;0.6930056
2785136738;39.70863;-31.08983;-0.5426199;0.6930463
2785136741;39.70888;-31.08982;-0.5426196;0.6930507
2785136742;39.70925;-31.08988;-0.5426208;0.6930572
2785136743;39.7098;-31.08999;-0.5426226;0.6930668
2785136744;39.71021;-31.0902;-0.5426264;0.6930738
2785136746;39.71052;-31.09038;-0.5426294;0.6930794
2785136747;39.71083;-31.09048;-0.5426313;0.6930847
2785136749;39.71128;-31.09085;-0.5426376;0.6930926
2785136750;39.71152;-31.09119;-0.5426435;0.6930969
2785136752;39.71169;-31.09128;-0.5426452;0.6930997
2785136753;39.71197;-31.09127;-0.542645;0.6931046
2785136754;39.71209;-31.09122;-0.5426441;0.6931068
2785136755;39.71225;-31.09129;-0.5426455;0.6931096
2785136756;39.7124;-31.09139;-0.5426471;0.6931121
2785136758;39.71254;-31.09164;-0.5426515;0.6931146
2785136759;39.71266;-31.09178;-0.5426539;0.6931167
2785136760;39.71273;-31.09165;-0.5426517;0.693118
3005843907;39.67032;-31.1146;-0.5430523;0.6923777
3005871982;39.67321;-31.11285;-0.5430217;0.6924282
3005871983;39.67314;-31.1128;-0.5430208;0.6924269
3005871984;39.67315;-31.11278;-0.5430205;0.692427
3005871985;39.67321;-31.11287;-0.5430219;0.6924281
3005871986;39.67319;-31.11287;-0.5430221;0.6924278
3005871987;39.67318;-31.11288;-0.5430222;0.6924276
3005871988;39.67316;-31.11287;-0.5430221;0.6924273
3005871989;39.67314;-31.11285;-0.5430217;0.6924269
3005871990;39.67314;-31.11284;-0.5430214;0.6924269
3005871991;39.67313;-31.11282;-0.5430211;0.6924268
3005871992;39.67316;-31.11277;-0.5430204;0.6924272
3005871993;39.67317;-31.11276;-0.5430202;0.6924274
3005871995;39.67318;-31.11276;-0.5430201;0.6924277
3005871996;39.67321;-31.11278;-0.5430204;0.6924282
3005871998;39.67322;-31.11282;-0.5430211;0.6924284
3005871999;39.67309;-31.11273;-0.5430195;0.6924261
3005872000;39.67329;-31.11282;-0.5430212;0.6924296
3005872001;39.67305;-31.11306;-0.5430254;0.6924254
3005872002;39.70957;-31.09767;-0.5427567;0.6930627
3006855717;39.67662;-31.10695;-0.5429186;0.6924877
3006855719;39.70636;-31.0978;-0.542759;0.6930068
3006855721;39.70212;-31.09818;-0.5427656;0.6929327
3006855722;39.70163;-31.09815;-0.5427651;0.6929241
3006855724;39.70132;-31.09784;-0.5427598;0.6929187
3006855725;39.70098;-31.09779;-0.5427589;0.6929128
3006855726;39.70056;-31.09823;-0.5427665;0.6929054
3006855728;39.7001;-31.09814;-0.542765;0.6928975
3006855729;39.69977;-31.09764;-0.5427563;0.6928917
3006855730;39.69817;-31.09781;-0.5427591;0.6928638
3006855731;39.69754;-31.09769;-0.5427572;0.6928527
3006855732;39.6972;-31.09759;-0.5427553;0.6928468
3006868333;39.69637;-31.09827;-0.5427672;0.6928323
3006868334;39.69651;-31.0981;-0.5427642;0.6928347
3006868335;39.69468;-31.09943;-0.5427875;0.6928028
3006868336;39.68842;-31.10275;-0.5428455;0.6926935
3006868337;39.67728;-31.10637;-0.5429086;0.6924992
3006868338;39.67737;-31.1061;-0.5429039;0.6925008
3006868339;39.67749;-31.10594;-0.542901;0.6925029
3006868340;39.68703;-31.09439;-0.5426996;0.6926693
3006868341;39.69194;-31.09159;-0.5426505;0.692755
3006868342;39.69405;-31.09074;-0.5426357;0.6927918
3006868343;39.69606;-31.09081;-0.5426371;0.6928269
3006868344;39.69896;-31.09097;-0.5426399;0.6928775
3006868345;39.6837;-31.09881;-0.5427766;0.6926113
3254503834;39.70843;-31.09869;-0.5427745;0.6930429
3254503835;39.70847;-31.09875;-0.5427755;0.6930436
3254503836;39.7085;-31.09882;-0.5427767;0.6930441
3254503837;39.70854;-31.09888;-0.5427778;0.6930447
3254503838;39.70858;-31.09891;-0.5427784;0.6930456
3254503839;39.70864;-31.09895;-0.5427791;0.6930466
3254503840;39.70871;-31.09899;-0.5427797;0.6930477
3254503841;39.70876;-31.09901;-0.5427801;0.6930485
3254503842;39.70878;-31.09904;-0.5427807;0.693049
3254503843;39.70879;-31.09907;-0.5427811;0.6930491
3254503844;39.70879;-31.09911;-0.5427818;0.6930492
3254503845;39.70877;-31.09918;-0.5427831;0.6930488
3254503846;39.70875;-31.09926;-0.5427846;0.6930485
3254503847;39.70874;-31.09934;-0.5427859;0.6930482
3254503848;39.70873;-31.0994;-0.5427868;0.6930481
3254503849;39.70873;-31.09943;-0.5427874;0.6930481
3254503850;39.70874;-31.09946;-0.542788;0.6930482
3254503851;39.70877;-31.09948;-0.5427883;0.6930487
3254503852;39.7088;-31.09949;-0.5427884;0.6930493
3254503853;39.70887;-31.09948;-0.5427883;0.6930505
3254503854;39.70896;-31.09947;-0.5427881;0.6930521
3254503855;39.70898;-31.09948;-0.5427883;0.6930525
3254503856;39.709;-31.09949;-0.5427884;0.6930527
3254503857;39.709;-31.09953;-0.5427893;0.6930528
3254503858;39.709;-31.09958;-0.54279;0.6930528
3254503859;39.70898;-31.09966;-0.5427914;0.6930525
3254503860;39.70896;-31.0997;-0.5427921;0.6930521
3254506361;39.70893;-31.09973;-0.5427926;0.6930515
3254506362;39.70889;-31.09977;-0.5427933;0.6930509
3254506363;39.7089;-31.09979;-0.5427938;0.693051
3254506364;39.709;-31.09983;-0.5427945;0.6930528
3254506365;39.70913;-31.09996;-0.5427967;0.6930551
3254506366;39.70926;-31.10026;-0.5428019;0.6930573
3254506367;39.70936;-31.10043;-0.5428049;0.693059
3254506368;39.70942;-31.10057;-0.5428073;0.6930601
3254506369;39.70945;-31.10063;-0.5428084;0.6930606
3254506370;39.70948;-31.10069;-0.5428094;0.6930612
3254506371;39.70949;-31.10072;-0.5428099;0.6930614
3254506372;39.70948;-31.10075;-0.5428104;0.6930612
3254506373;39.70947;-31.10076;-0.5428107;0.6930609
3254506374;39.70938;-31.10075;-0.5428104;0.6930595
3254506375;39.70934;-31.10075;-0.5428106;0.6930587
3254506376;39.70931;-31.10078;-0.542811;0.6930583
3254506377;39.70929;-31.10082;-0.5428116;0.6930579
3254506378;39.7093;-31.10086;-0.5428125;0.6930581
3254506379;39.70934;-31.10091;-0.5428134;0.6930587
3254506380;39.70944;-31.10101;-0.542815;0.6930605
3254506381;39.70953;-31.10109;-0.5428163;0.6930621
3254506382;39.70959;-31.10116;-0.5428176;0.693063
3254506383;39.70967;-31.10128;-0.5428198;0.6930645
3254506384;39.70969;-31.10134;-0.5428208;0.6930649
3254506385;39.7097;-31.10139;-0.5428216;0.693065
3254506386;39.70969;-31.10142;-0.5428222;0.6930648
3254506387;39.70966;-31.10144;-0.5428225;0.6930643
3254506388;39.70957;-31.10147;-0.542823;0.6930628
3254506389;39.70955;-31.10148;-0.5428233;0.6930624
3254506390;39.70955;-31.10151;-0.5428237;0.6930623
3254506391;39.70956;-31.10155;-0.5428245;0.6930627
3254506392;39.70963;-31.10165;-0.5428262;0.6930637
3254506393;39.70967;-31.1017;-0.542827;0.6930645
3254506394;39.70968;-31.10174;-0.5428277;0.6930646
3254506395;39.70966;-31.10176;-0.5428282;0.6930643
3254506396;39.70962;-31.10179;-0.5428286;0.6930636
3254506397;39.70957;-31.10185;-0.5428296;0.6930628
3254506398;39.70956;-31.10188;-0.5428303;0.6930625
3254506399;39.7096;-31.102;-0.5428323;0.6930633
3254506400;39.70967;-31.1021;-0.542834;0.6930646
3254506401;39.70971;-31.10218;-0.5428355;0.6930652
3254506402;39.70974;-31.10226;-0.5428368;0.6930657
3254506403;39.70975;-31.10231;-0.5428378;0.6930659
3254506404;39.70975;-31.10237;-0.5428388;0.6930658
3254506405;39.70968;-31.1026;-0.5428428;0.6930647
3254506406;39.70955;-31.1029;-0.542848;0.6930624
3254506407;39.7095;-31.10306;-0.5428508;0.6930615
3254506408;39.70947;-31.10329;-0.5428548;0.6930611
3254506409;39.70948;-31.10343;-0.5428572;0.6930611
3254506410;39.70952;-31.10355;-0.5428594;0.6930618
3254506411;39.70961;-31.10363;-0.5428607;0.6930635
3254506412;39.70973;-31.10371;-0.5428621;0.6930656
3254506413;39.70998;-31.1039;-0.5428654;0.6930699
3254506414;39.71019;-31.10403;-0.5428677;0.6930736
3254506415;39.71035;-31.10426;-0.5428718;0.6930764
3254506416;39.71045;-31.1044;-0.5428742;0.6930782
3254506417;39.71057;-31.10451;-0.5428761;0.6930801
3254506418;39.71071;-31.10466;-0.5428787;0.6930826
3254506419;39.71089;-31.10476;-0.5428804;0.6930858
3254506420;39.71109;-31.10482;-0.5428815;0.6930892
3254506421;39.71124;-31.10483;-0.5428817;0.6930919
3254506422;39.71143;-31.10478;-0.5428808;0.6930953
3254506423;39.71158;-31.10465;-0.5428786;0.6930979
3254506424;39.71172;-31.10457;-0.5428771;0.6931002
3254506425;39.7119;-31.1045;-0.5428759;0.6931034
3254506426;39.71205;-31.10453;-0.5428765;0.6931061
3254506427;39.7122;-31.10461;-0.5428779;0.6931086
3254506428;39.71237;-31.10474;-0.5428801;0.6931116
3254506429;39.71259;-31.10493;-0.5428835;0.6931154
3254506430;39.71272;-31.10519;-0.542888;0.6931177
3254506431;39.71283;-31.10541;-0.5428918;0.6931196
3254506432;39.71284;-31.10556;-0.5428944;0.6931199
3254506433;39.71282;-31.10591;-0.5429006;0.6931194
3254506434;39.71283;-31.10606;-0.5429032;0.6931196
3254506435;39.71286;-31.10623;-0.5429062;0.6931201
3254506436;39.71297;-31.10637;-0.5429085;0.6931221
3254506437;39.71316;-31.10655;-0.5429116;0.6931254
3254506438;39.71332;-31.10661;-0.5429127;0.6931282
3254506439;39.71346;-31.10668;-0.5429139;0.6931307
3254506440;39.71351;-31.10669;-0.5429142;0.6931316
3254506441;39.71357;-31.10669;-0.5429142;0.6931325
3254506442;39.7136;-31.10668;-0.5429139;0.6931331
3254506443;39.71379;-31.10659;-0.5429125;0.6931365
3254506444;39.7139;-31.10657;-0.5429121;0.6931383
3254506445;39.71398;-31.10658;-0.5429122;0.6931397
3254506446;39.71405;-31.10662;-0.5429128;0.693141
3254506447;39.71422;-31.10671;-0.5429145;0.6931439
3254506448;39.71434;-31.10681;-0.5429162;0.6931459
3254506449;39.71441;-31.10694;-0.5429185;0.6931472
3254506450;39.71448;-31.10711;-0.5429215;0.6931484
3254506451;39.71454;-31.10734;-0.5429256;0.6931494
3254506452;39.71463;-31.10779;-0.5429334;0.6931511
3254506453;39.71469;-31.10814;-0.5429394;0.6931521
3254506454;39.71476;-31.10843;-0.5429445;0.6931533
3254506455;39.7148;-31.10858;-0.5429472;0.693154
3254506456;39.71479;-31.10866;-0.5429485;0.6931538
3254506457;39.71479;-31.10884;-0.5429516;0.6931539
3254506458;39.71482;-31.10953;-0.5429636;0.6931544
3254506459;39.71484;-31.10973;-0.5429672;0.6931546
3254506460;39.7149;-31.10997;-0.5429714;0.6931558
3254506561;39.71498;-31.11022;-0.5429758;0.6931571
3254506562;39.71499;-31.1103;-0.5429771;0.6931573
3254506563;39.71498;-31.11037;-0.5429784;0.6931572
3254506564;39.71494;-31.1105;-0.5429807;0.6931564
3254506565;39.71484;-31.11068;-0.5429838;0.6931547
3254506566;39.71473;-31.11093;-0.5429881;0.6931527
3254506567;39.7146;-31.11117;-0.5429923;0.6931506
3254506568;39.71452;-31.11127;-0.542994;0.6931492
3254506569;39.71449;-31.11129;-0.5429944;0.6931486
3254506570;39.71439;-31.11133;-0.5429951;0.6931468
3254506571;39.7142;-31.11139;-0.5429962;0.6931436
3254506572;39.71409;-31.11149;-0.542998;0.6931416
3254506573;39.71403;-31.11164;-0.5430006;0.6931406
3254506574;39.71402;-31.11182;-0.5430037;0.6931404
3254506575;39.71407;-31.11206;-0.5430079;0.6931413
3254506576;39.71413;-31.11217;-0.5430098;0.6931424
3254506577;39.71426;-31.11243;-0.5430143;0.6931446
3254506578;39.71428;-31.11254;-0.5430163;0.6931449
3254506579;39.71427;-31.11279;-0.5430207;0.6931448
3254506580;39.71421;-31.11313;-0.5430265;0.6931437
3254506581;39.71411;-31.11341;-0.5430315;0.6931419
3254506582;39.71395;-31.11389;-0.5430399;0.6931392
3254506583;39.71384;-31.11417;-0.5430446;0.6931373
3254506584;39.71352;-31.11463;-0.5430527;0.6931317
3254506585;39.71326;-31.11497;-0.5430588;0.6931272
3254506586;39.71292;-31.11534;-0.5430651;0.6931213
3254506587;39.7128;-31.11547;-0.5430674;0.6931192
3254506588;39.71262;-31.11561;-0.5430699;0.693116
3254506589;39.71243;-31.11571;-0.5430716;0.6931127
3254506590;39.71218;-31.11584;-0.543074;0.6931084
3254506591;39.7118;-31.11607;-0.5430778;0.6931016
3254506592;39.7115;-31.11623;-0.5430807;0.6930965
3254506593;39.7113;-31.11628;-0.5430815;0.6930929
3254506594;39.71103;-31.11629;-0.5430818;0.6930882
3254506595;39.7108;-31.11628;-0.5430815;0.6930842
3254506596;39.71045;-31.11631;-0.5430821;0.6930781
3254506597;39.71012;-31.1163;-0.5430819;0.6930724
3254506598;39.70993;-31.11624;-0.5430809;0.693069
3254506599;39.70969;-31.11613;-0.543079;0.6930649
3254506600;39.70953;-31.11601;-0.5430768;0.6930621
3254506601;39.70938;-31.11583;-0.5430736;0.6930594
3254506602;39.70917;-31.11562;-0.54307;0.6930557
3254506603;39.70882;-31.11532;-0.5430648;0.6930497
3254506604;39.70851;-31.11499;-0.5430591;0.6930442
3254506605;39.70844;-31.11494;-0.5430582;0.693043
3254506606;39.70821;-31.1149;-0.5430574;0.6930389
3254506607;39.70798;-31.1148;-0.5430557;0.6930349
3254506608;39.70773;-31.11477;-0.5430551;0.6930306
3254506609;39.7075;-31.11468;-0.5430535;0.6930267
3254506610;39.70726;-31.11453;-0.5430509;0.6930224
3254506611;39.70696;-31.1143;-0.543047;0.6930172
3254506612;39.70676;-31.11406;-0.5430428;0.6930138
3254506613;39.70668;-31.11386;-0.5430393;0.6930124
3254506614;39.70664;-31.11364;-0.5430354;0.6930116
3254506615;39.70665;-31.11325;-0.5430286;0.6930118
3254506616;39.70669;-31.11279;-0.5430207;0.6930125
3254506617;39.70686;-31.11181;-0.5430035;0.6930155
3254506618;39.70701;-31.11135;-0.5429955;0.693018
3254506619;39.70708;-31.11112;-0.5429914;0.6930194
3254506620;39.70723;-31.11107;-0.5429906;0.6930219
3254506621;39.7074;-31.11105;-0.5429903;0.6930249
3254506622;39.7076;-31.11096;-0.5429887;0.6930283
3254506623;39.70766;-31.11089;-0.5429875;0.6930294
3254506624;39.70778;-31.11079;-0.5429857;0.6930315
3254506625;39.70787;-31.1107;-0.5429841;0.6930331
3254506626;39.7079;-31.11065;-0.5429834;0.6930336
3254506627;39.70792;-31.11059;-0.5429822;0.6930339
3254506628;39.70794;-31.11048;-0.5429803;0.6930342
3254506629;39.70795;-31.11032;-0.5429776;0.6930344
3254506630;39.70795;-31.11027;-0.5429766;0.6930345
3254506631;39.70797;-31.11024;-0.5429762;0.6930348
3254506632;39.70802;-31.11021;-0.5429757;0.6930357
3254506633;39.70813;-31.11016;-0.5429747;0.6930376
3254506634;39.7082;-31.11012;-0.542974;0.6930388
3254506635;39.70824;-31.11008;-0.5429733;0.6930396
3254506636;39.70828;-31.11003;-0.5429724;0.6930403
3254506637;39.70831;-31.10997;-0.5429714;0.6930407
3254506638;39.70832;-31.10991;-0.5429703;0.6930408
3254506639;39.70832;-31.10983;-0.5429689;0.6930408
3254506640;39.70832;-31.10975;-0.5429675;0.6930408
3254506641;39.70834;-31.10969;-0.5429665;0.6930412
3254506642;39.70837;-31.10962;-0.5429653;0.6930419
3254506643;39.70847;-31.1095;-0.5429633;0.6930435
3254506644;39.70856;-31.10937;-0.5429609;0.6930451
3254506645;39.7086;-31.10931;-0.5429599;0.6930457
3254506646;39.70864;-31.10928;-0.5429595;0.6930465
3254506647;39.70869;-31.10926;-0.542959;0.6930473
3254506648;39.70872;-31.10923;-0.5429585;0.6930479
3254506649;39.70876;-31.10918;-0.5429576;0.6930485
3254506650;39.7088;-31.10909;-0.5429559;0.6930493
3254506651;39.70883;-31.10898;-0.5429542;0.6930498
3254506652;39.70885;-31.10893;-0.5429532;0.6930501
3254506653;39.70885;-31.10882;-0.5429513;0.6930503
3254506654;39.70887;-31.1087;-0.5429493;0.6930504
3254506655;39.7089;-31.10861;-0.5429476;0.693051
3254506656;39.70897;-31.10845;-0.5429448;0.6930522
3254506657;39.7091;-31.10817;-0.54294;0.6930546
3254506658;39.70925;-31.10796;-0.5429364;0.6930571
3254506659;39.70937;-31.10782;-0.5429339;0.6930593
3254506660;39.70948;-31.10771;-0.5429319;0.6930612
3254506761;39.70954;-31.10764;-0.5429307;0.6930622
3254506762;39.70956;-31.10757;-0.5429295;0.6930627
3254506763;39.70957;-31.10746;-0.5429277;0.6930628
3254506764;39.70956;-31.10736;-0.5429259;0.6930625
3254506765;39.70952;-31.10725;-0.542924;0.6930619
3254506766;39.70951;-31.10718;-0.5429227;0.6930616
3254506767;39.7095;-31.10713;-0.5429218;0.6930616
3254506768;39.70952;-31.10707;-0.5429208;0.6930618
3254506769;39.70954;-31.107;-0.5429196;0.6930622
3254506770;39.70954;-31.10694;-0.5429186;0.6930622
3254506771;39.70953;-31.10687;-0.5429173;0.6930621
3254506772;39.7095;-31.1068;-0.542916;0.6930616
3254506773;39.70947;-31.10674;-0.542915;0.6930611
3254506774;39.70941;-31.10668;-0.542914;0.6930599
3254506775;39.70928;-31.10652;-0.5429112;0.6930577
3254506776;39.70915;-31.10639;-0.542909;0.6930554
3254506777;39.70907;-31.10628;-0.5429069;0.693054
3254506778;39.70903;-31.10619;-0.5429054;0.6930533
3254506779;39.709;-31.10605;-0.5429029;0.6930528
3254506780;39.70902;-31.10591;-0.5429006;0.6930531
3254506781;39.70907;-31.10573;-0.5428974;0.693054
3254506782;39.70913;-31.10554;-0.5428941;0.693055
3254506783;39.70924;-31.10531;-0.5428901;0.6930569
3254506784;39.70931;-31.10517;-0.5428876;0.6930583
3254506785;39.70935;-31.10498;-0.5428843;0.6930589
3254506786;39.70928;-31.10472;-0.5428798;0.6930577
3254506787;39.7093;-31.10444;-0.5428749;0.6930581
3254506788;39.70929;-31.10431;-0.5428727;0.6930578
3254506789;39.70935;-31.10398;-0.5428668;0.6930588
3254506790;39.70942;-31.10365;-0.542861;0.69306
3254506791;39.7093;-31.10453;-0.5428764;0.6930581
3254506792;39.70929;-31.10465;-0.5428786;0.6930578
3254506793;39.70929;-31.10478;-0.5428808;0.6930578
3254506794;39.70932;-31.10483;-0.5428818;0.6930583
3254506795;39.70935;-31.1049;-0.5428829;0.6930588
3254506796;39.70748;-31.11103;-0.5429899;0.6930263
3254506797;39.70755;-31.111;-0.5429894;0.6930274
3254506798;39.70712;-31.11108;-0.5429909;0.69302
3255508535;39.67116;-31.1168;-0.5430905;0.6923924
3255508550;39.67109;-31.11687;-0.5430918;0.6923912
3255508551;39.67103;-31.11695;-0.5430933;0.6923901
3255508552;39.67099;-31.11697;-0.5430936;0.6923893
3255508553;39.67092;-31.11704;-0.5430949;0.6923881
3255508554;39.67069;-31.11724;-0.5430983;0.6923841
3255508555;39.6706;-31.11735;-0.5431002;0.6923826
3255508556;39.67056;-31.11746;-0.5431021;0.6923819
3255508557;39.67045;-31.11759;-0.5431044;0.69238
3255508558;39.67033;-31.1177;-0.5431064;0.6923778
3255508559;39.67027;-31.11782;-0.5431084;0.6923768
3255508560;39.67019;-31.11784;-0.5431087;0.6923754
3255509261;39.67012;-31.11787;-0.5431092;0.6923743
3255509262;39.67009;-31.11795;-0.5431106;0.6923736
3255509263;39.67004;-31.11808;-0.5431129;0.6923728
3255509264;39.67001;-31.11823;-0.5431155;0.6923723
3255509265;39.66999;-31.11834;-0.5431175;0.6923719
3255509266;39.66999;-31.1184;-0.5431185;0.692372
3255509267;39.67001;-31.11847;-0.5431197;0.6923723
3255509268;39.67002;-31.11856;-0.5431212;0.6923726
3255509269;39.67001;-31.1186;-0.543122;0.6923723
3255509270;39.66999;-31.11866;-0.5431231;0.6923719
3255509271;39.66996;-31.11874;-0.5431246;0.6923714
3255509272;39.66993;-31.11884;-0.5431263;0.692371
3255509273;39.66991;-31.11899;-0.5431288;0.6923705
3255509274;39.66992;-31.11902;-0.5431294;0.6923708
3255509276;39.66994;-31.11905;-0.5431299;0.6923711
3255509277;39.66998;-31.1191;-0.5431308;0.6923718
3255509278;39.67007;-31.11917;-0.543132;0.6923734
3255509279;39.67016;-31.11924;-0.5431331;0.6923749
3255509280;39.67025;-31.11931;-0.5431345;0.6923766
3255509281;39.67037;-31.11956;-0.5431389;0.6923785
3255509282;39.67043;-31.11962;-0.5431398;0.6923797
3255509283;39.67048;-31.11964;-0.5431401;0.6923804
3255509284;39.67052;-31.11964;-0.5431401;0.6923811
3255509285;39.67054;-31.11967;-0.5431406;0.6923816
3255509286;39.67054;-31.11974;-0.5431418;0.6923814
3255509287;39.67052;-31.11987;-0.5431443;0.6923812
3255509288;39.67054;-31.11997;-0.543146;0.6923816
3255509289;39.67059;-31.12021;-0.5431502;0.6923823
3255509290;39.6706;-31.1204;-0.5431535;0.6923825
3255509291;39.67064;-31.12054;-0.543156;0.6923833
3255509292;39.6707;-31.12066;-0.5431581;0.6923842
3255509293;39.67075;-31.12072;-0.5431591;0.6923853
3255509294;39.67082;-31.12073;-0.5431592;0.6923864
3255509295;39.67087;-31.12071;-0.5431589;0.6923873
3255509296;39.67092;-31.12071;-0.5431589;0.6923882
3255509297;39.67099;-31.12073;-0.5431592;0.6923893
3255509298;39.67104;-31.12079;-0.5431603;0.6923902
3255509299;39.67109;-31.12083;-0.543161;0.6923911
3255509300;39.67113;-31.12082;-0.5431609;0.6923919
3255509301;39.67118;-31.1208;-0.5431604;0.6923927
3255509302;39.67151;-31.12075;-0.5431595;0.6923984
3255509340;39.67402;-31.11158;-0.5429994;0.6924422
3255509341;39.67408;-31.11157;-0.5429993;0.6924434
3255509342;39.67409;-31.11153;-0.5429987;0.6924435
3255509343;39.67408;-31.11142;-0.5429968;0.6924433
3255509344;39.67402;-31.11128;-0.5429943;0.6924422
3255509345;39.67471;-31.11007;-0.5429732;0.6924542
3255509346;39.67475;-31.11007;-0.5429732;0.692455
3255509350;39.67479;-31.11018;-0.542975;0.6924557
3255509351;39.67481;-31.11034;-0.5429778;0.6924561
3255509352;39.67483;-31.11052;-0.5429809;0.6924564
3255509353;39.67488;-31.11072;-0.5429845;0.6924574
3255509357;39.67492;-31.1108;-0.5429859;0.692458
3255509360;39.67496;-31.11068;-0.5429838;0.6924587
3255509361;39.67501;-31.11074;-0.5429848;0.6924596
3255509362;39.67507;-31.11087;-0.5429872;0.6924605
3255509364;39.67495;-31.11073;-0.5429847;0.6924585
3255509365;39.67494;-31.11081;-0.542986;0.6924584
3255509368;39.67511;-31.11;-0.542972;0.6924613
3255509369;39.67513;-31.10987;-0.5429698;0.6924616
3255509370;39.67519;-31.10981;-0.5429686;0.6924627
3255509371;39.67525;-31.10989;-0.54297;0.6924637
3255509372;39.67531;-31.10996;-0.5429712;0.6924648
3255509374;39.67534;-31.10997;-0.5429715;0.6924654
3255509375;39.67527;-31.10993;-0.5429707;0.6924642
3255509376;39.67522;-31.10985;-0.5429693;0.6924633
3255509377;39.67517;-31.1098;-0.5429685;0.6924624
3255509378;39.67516;-31.10981;-0.5429686;0.6924621
3255509379;39.67514;-31.10983;-0.542969;0.6924618
3255509380;39.67511;-31.10994;-0.5429709;0.6924613
3255509382;39.67523;-31.11025;-0.5429763;0.6924635
3255509383;39.67523;-31.11045;-0.5429797;0.6924633
3255509388;39.67538;-31.10963;-0.5429655;0.6924661
3255509389;39.67552;-31.10993;-0.5429707;0.6924685
3255509390;39.67558;-31.11005;-0.5429727;0.6924695
3255509391;39.67565;-31.11011;-0.5429739;0.6924707
3255509392;39.67581;-31.1104;-0.5429789;0.6924735
3255509393;39.67591;-31.11052;-0.542981;0.6924753
3255509394;39.67596;-31.11057;-0.5429819;0.6924762
3255509395;39.676;-31.11057;-0.5429819;0.6924769
3255509396;39.67606;-31.11054;-0.5429813;0.6924778
3255509397;39.67611;-31.11053;-0.5429812;0.6924787
3255509398;39.67619;-31.11053;-0.5429813;0.6924801
3255509399;39.67627;-31.11057;-0.5429819;0.6924815
3255509400;39.67636;-31.11063;-0.542983;0.6924831
3255509401;39.67648;-31.11073;-0.5429846;0.6924852
3255509402;39.67656;-31.11086;-0.5429869;0.6924866
3255509403;39.67668;-31.11109;-0.542991;0.6924887
3255509404;39.67683;-31.11139;-0.5429962;0.6924912
3255509405;39.67692;-31.11162;-0.5430002;0.6924928
3255509406;39.67706;-31.11181;-0.5430034;0.6924953
3255509407;39.67728;-31.11195;-0.543006;0.6924991
3255509408;39.67742;-31.11213;-0.5430091;0.6925016
3255509409;39.6775;-31.11217;-0.5430098;0.692503
3255509410;39.67759;-31.11221;-0.5430105;0.6925046
3255509411;39.67772;-31.11222;-0.5430107;0.6925068
3255509412;39.67782;-31.11221;-0.5430105;0.6925086
3255509413;39.67786;-31.11222;-0.5430107;0.6925092
3255509414;39.67789;-31.11226;-0.5430113;0.6925098
3255509415;39.67792;-31.1123;-0.543012;0.6925104
3255509416;39.67801;-31.11242;-0.5430142;0.6925119
3255509417;39.67804;-31.11246;-0.5430149;0.6925124
3255509418;39.67807;-31.1125;-0.5430155;0.692513
3255509419;39.67812;-31.1125;-0.5430156;0.6925138
3255509420;39.67815;-31.11249;-0.5430154;0.6925144
3255509421;39.67818;-31.11247;-0.543015;0.6925149
3255509422;39.67821;-31.11245;-0.5430148;0.6925154
3255509423;39.67823;-31.11246;-0.5430149;0.6925157
3255509424;39.67824;-31.11249;-0.5430153;0.692516
3255509425;39.67826;-31.11253;-0.5430161;0.6925163
3255509426;39.67827;-31.11265;-0.5430182;0.6925164
3255509427;39.67828;-31.11269;-0.5430189;0.6925166
3255509428;39.6783;-31.11274;-0.5430197;0.692517
3255509429;39.67832;-31.11275;-0.54302;0.6925173
3255509430;39.67836;-31.11276;-0.5430201;0.6925181
3255509431;39.67842;-31.11276;-0.5430201;0.6925191
3255509432;39.67846;-31.11275;-0.5430199;0.6925198
3255509433;39.67849;-31.11273;-0.5430196;0.6925203
3255509434;39.67853;-31.11272;-0.5430195;0.692521
3255509435;39.67867;-31.11272;-0.5430195;0.6925234
3255509436;39.67875;-31.11271;-0.5430192;0.6925248
3255509437;39.67883;-31.11268;-0.5430188;0.6925262
3255509438;39.67893;-31.11268;-0.5430187;0.6925279
3255509439;39.67905;-31.11268;-0.5430188;0.6925302
3255509440;39.67912;-31.1127;-0.5430191;0.6925313
3255509441;39.67918;-31.11271;-0.5430192;0.6925324
3255509442;39.67926;-31.11274;-0.5430197;0.6925337
3255509443;39.67936;-31.11277;-0.5430202;0.6925354
3255509444;39.67946;-31.11278;-0.5430205;0.6925372
3255509445;39.67955;-31.1128;-0.5430208;0.6925388
3255509446;39.67996;-31.11286;-0.5430218;0.692546
3255509447;39.68032;-31.11286;-0.5430219;0.6925521
3255509448;39.68063;-31.11289;-0.5430224;0.6925577
3255509449;39.68123;-31.11298;-0.5430239;0.6925681
3255509450;39.68161;-31.11314;-0.5430267;0.6925747
3255509451;39.68198;-31.11343;-0.5430318;0.6925811
3255509452;39.68231;-31.11379;-0.5430381;0.692587
3255509453;39.68264;-31.11406;-0.5430428;0.6925927
3255509454;39.68273;-31.11415;-0.5430443;0.6925942
3255509455;39.68279;-31.11431;-0.5430471;0.6925954
3255509456;39.68283;-31.11448;-0.5430501;0.6925961
3255509457;39.68293;-31.11459;-0.543052;0.6925978
3255509458;39.68301;-31.11464;-0.543053;0.6925991
3255509459;39.68304;-31.11476;-0.5430549;0.6925997
3255509460;39.68319;-31.1149;-0.5430575;0.6926024
3255509461;39.68328;-31.115;-0.5430591;0.692604
3255509462;39.68338;-31.11522;-0.543063;0.6926056
3255509463;39.68346;-31.11523;-0.5430632;0.692607
3255509464;39.68365;-31.11524;-0.5430635;0.6926103
3255509465;39.68392;-31.11528;-0.5430641;0.6926151
3255509466;39.68417;-31.11536;-0.5430654;0.6926194
3255509467;39.68426;-31.11546;-0.5430672;0.6926209
3255509468;39.68446;-31.11565;-0.5430705;0.6926246
3255509469;39.68455;-31.11576;-0.5430725;0.6926261
3255509470;39.68462;-31.11577;-0.5430726;0.6926273
3255509471;39.68469;-31.11575;-0.5430723;0.6926286
3255509472;39.68481;-31.11567;-0.5430708;0.6926306
3255509473;39.68493;-31.11554;-0.5430686;0.6926326
3255509474;39.68495;-31.11538;-0.5430659;0.6926331
3255509475;39.68491;-31.11494;-0.5430581;0.6926323
3255509476;39.68484;-31.11479;-0.5430556;0.6926311
3255509477;39.68472;-31.1147;-0.543054;0.6926289
3255509478;39.68459;-31.11463;-0.5430528;0.6926267
3255509479;39.68457;-31.11457;-0.5430518;0.6926265
3255509480;39.68462;-31.11449;-0.5430503;0.6926273
3255509481;39.68462;-31.11435;-0.5430479;0.6926273
3255509482;39.68456;-31.11415;-0.5430443;0.6926263
3255509483;39.68448;-31.1141;-0.5430434;0.6926248
3255509484;39.68433;-31.11403;-0.5430424;0.6926221
3255509485;39.68428;-31.11397;-0.5430412;0.6926214
3255509486;39.68429;-31.11388;-0.5430397;0.6926215
3255509487;39.68433;-31.11373;-0.543037;0.6926221
3255509488;39.68442;-31.11353;-0.5430335;0.6926237
3255509489;39.68451;-31.11349;-0.5430328;0.6926253
3255509490;39.68488;-31.11347;-0.5430325;0.6926318
3255509491;39.68502;-31.1134;-0.5430313;0.6926342
3255509492;39.68547;-31.11314;-0.5430267;0.6926422
3255509493;39.68559;-31.11303;-0.5430249;0.6926442
3255509494;39.68562;-31.11297;-0.5430238;0.6926447
3255509495;39.68561;-31.11291;-0.5430227;0.6926445
3255509496;39.68527;-31.11248;-0.5430151;0.6926386
3255509497;39.68523;-31.1123;-0.543012;0.6926379
3255509498;39.68513;-31.11217;-0.5430097;0.6926361
3255509499;39.68513;-31.11193;-0.5430057;0.6926362
3255509500;39.68506;-31.1118;-0.5430034;0.6926349
3255509501;39.68506;-31.11162;-0.5430002;0.692635
3255509502;39.68504;-31.11143;-0.5429969;0.6926346
3255509503;39.68497;-31.11128;-0.5429943;0.6926335
3255509504;39.68496;-31.11122;-0.5429932;0.6926333
3255509505;39.68497;-31.11114;-0.5429919;0.6926334
3255509506;39.68509;-31.11106;-0.5429904;0.6926354
3255509507;39.68515;-31.11098;-0.5429891;0.6926366
3559259804;39.68897;-31.09362;-0.542686;0.6927032
3559259805;39.68904;-31.09345;-0.5426832;0.6927044
3559259806;39.68908;-31.09312;-0.5426774;0.6927051
3559259807;39.68912;-31.09294;-0.5426742;0.6927058
3559259808;39.68927;-31.09284;-0.5426724;0.6927084
3559259809;39.68946;-31.09272;-0.5426703;0.6927118
3559259810;39.69016;-31.09257;-0.5426676;0.6927239
3559259812;39.69065;-31.09241;-0.5426649;0.6927325
3609471976;39.69939;-31.09341;-0.5426825;0.692885
3609471977;39.70007;-31.09435;-0.5426989;0.6928969
3609471979;39.69923;-31.0932;-0.5426787;0.6928822
3609471981;39.69777;-31.09113;-0.5426425;0.6928567
3609471983;39.69762;-31.09096;-0.5426397;0.6928542
3609471984;39.69903;-31.09291;-0.5426736;0.6928788
3609471986;39.69887;-31.0926;-0.5426682;0.692876
3609471987;39.69839;-31.09186;-0.5426552;0.6928676
3609471988;39.69793;-31.0914;-0.5426473;0.6928596
3609471990;39.6982;-31.0917;-0.5426525;0.6928644
3609471993;39.69979;-31.09399;-0.5426925;0.692892
3609471994;39.69784;-31.09125;-0.5426446;0.692858
3609471999;39.70147;-31.08521;-0.5425392;0.6929214
3609472001;39.70103;-31.08553;-0.5425448;0.6929137
3609472010;39.70109;-31.09051;-0.5426317;0.6929148
3609472012;39.70156;-31.08525;-0.54254;0.6929229
3609472013;39.70078;-31.09563;-0.5427211;0.6929092
3609472019;39.70108;-31.08967;-0.5426171;0.6929145
3609472022;39.69861;-31.09212;-0.5426599;0.6928715
3609472024;39.70183;-31.08539;-0.5425425;0.6929276
3609472026;39.70117;-31.08541;-0.5425428;0.6929162
3609472027;39.70141;-31.08521;-0.5425392;0.6929203
3609472031;39.70133;-31.08526;-0.5425401;0.6929189
3609472040;39.70108;-31.08944;-0.5426131;0.6929146
3609472043;39.70109;-31.08549;-0.5425441;0.6929147
3609472048;39.70097;-31.08554;-0.5425451;0.6929126
3609472052;39.70166;-31.0853;-0.5425408;0.6929247
3609472061;39.69749;-31.09068;-0.5426347;0.692852
3609472067;39.70107;-31.08998;-0.5426224;0.6929143
3609472073;39.70187;-31.08544;-0.5425433;0.6929283
3609472295;39.70108;-31.08927;-0.5426102;0.6929145
3609472307;39.70203;-31.08552;-0.5425447;0.6929311
3609472319;39.70107;-31.08903;-0.5426059;0.6929144
3609472340;39.70197;-31.08554;-0.5425451;0.6929301
3609472354;39.70176;-31.08535;-0.5425417;0.6929263
3609472370;39.70094;-31.08833;-0.5425937;0.692912
3609472383;39.70096;-31.08855;-0.5425975;0.6929125
3609472422;39.69806;-31.09157;-0.5426503;0.6928619
3609472446;39.69799;-31.09149;-0.5426489;0.6928607
3609472491;39.69787;-31.09063;-0.5426338;0.6928586
3609472521;39.6937;-31.09079;-0.5426366;0.6927857
3609472523;39.69829;-31.09079;-0.5426366;0.6928659
3609472533;39.69849;-31.09089;-0.5426383;0.6928693
3609472535;39.69812;-31.09071;-0.5426353;0.6928629
3609472541;39.69872;-31.09099;-0.5426401;0.6928734
3609472546;39.69765;-31.09063;-0.5426338;0.6928546
3609472622;39.70098;-31.08625;-0.5425575;0.6929128
3609472624;39.70088;-31.08682;-0.5425674;0.692911
3609472628;39.70102;-31.08793;-0.5425867;0.6929135
3609472629;39.70094;-31.08599;-0.5425529;0.6929121
3609472630;39.7009;-31.0859;-0.5425512;0.6929114
3609472632;39.70098;-31.08756;-0.5425803;0.6929128
3609472640;39.70094;-31.08816;-0.5425908;0.692912
3609472642;39.70098;-31.08641;-0.5425602;0.6929128
3609472643;39.70099;-31.08803;-0.5425885;0.692913
3609472647;39.70078;-31.08571;-0.5425479;0.6929094
3609472650;39.70072;-31.08551;-0.5425445;0.6929082
3609472658;39.70095;-31.08654;-0.5425625;0.6929124
3609472659;39.70102;-31.08775;-0.5425836;0.6929135
3609472660;39.70094;-31.08735;-0.5425767;0.6929121
3609472664;39.70094;-31.0861;-0.5425548;0.6929121
3609472665;39.70092;-31.08718;-0.5425737;0.6929117
3609472666;39.7009;-31.08673;-0.5425658;0.6929115
3609472674;39.7008;-31.0855;-0.5425444;0.6929097
3609886186;39.70495;-31.09089;-0.5426385;0.6929821
3609886192;39.70574;-31.09023;-0.5426269;0.6929958
3609977055;39.68774;-31.09381;-0.5426893;0.6926817
3609977056;39.68584;-31.09672;-0.5427402;0.6926486
3609977057;39.68589;-31.09668;-0.5427395;0.6926494
3609977061;39.69294;-31.10009;-0.5427989;0.6927726
3609977062;39.69301;-31.10005;-0.5427983;0.6927738
3609977065;39.69471;-31.09941;-0.542787;0.6928034
3609977066;39.69477;-31.09936;-0.5427862;0.6928045
3609977067;39.69496;-31.09924;-0.5427842;0.6928078
3609977068;39.69502;-31.0992;-0.5427834;0.6928089
3609989395;39.702;-31.09825;-0.5427669;0.6929305
3615852738;39.67698;-31.11848;-0.54312;0.6924939
3615852745;39.67673;-31.11808;-0.5431129;0.6924896
3615928976;39.67299;-31.11322;-0.5430282;0.6924243
3615928977;39.67346;-31.11354;-0.5430337;0.6924325
3616299397;39.67216;-31.11489;-0.5430574;0.6924098
3616299400;39.67225;-31.11477;-0.5430552;0.6924114
3616299402;39.67229;-31.11481;-0.5430558;0.6924121
3616299403;39.67218;-31.1148;-0.5430558;0.6924102
3616299404;39.67255;-31.1156;-0.5430696;0.6924167
3616405122;39.67125;-31.12079;-0.5431602;0.6923938
3616499029;39.68311;-31.10386;-0.5428647;0.6926009
3616499034;39.68363;-31.0989;-0.5427782;0.69261
3616499069;39.68905;-31.09334;-0.5426812;0.6927046
3616503301;39.69576;-31.08916;-0.5426083;0.6928217
3616544257;39.68467;-31.11576;-0.5430725;0.6926282
3616544264;39.71029;-31.10416;-0.54287;0.6930752
3616544279;39.68521;-31.11092;-0.5429881;0.6926377
3616544282;39.70152;-31.09804;-0.5427632;0.6929223
3616544510;39.69055;-31.1021;-0.542834;0.6927308
3617396481;39.68656;-31.11551;-0.5430681;0.6926611
3617401837;39.673;-31.11111;-0.5429912;0.6924244
3617401870;39.67039;-31.1139;-0.5430399;0.6923789
3617401888;39.68779;-31.1039;-0.5428654;0.6926827
3617401945;39.68673;-31.11586;-0.5430743;0.6926641
3617401957;39.69026;-31.11737;-0.5431006;0.6927258
3617401983;39.69052;-31.11713;-0.5430963;0.6927302
3617402073;39.67235;-31.12112;-0.543166;0.6924131
3617402177;39.68657;-31.11568;-0.5430711;0.6926613
3617402235;39.67678;-31.1113;-0.5429946;0.6924904
3617402239;39.68748;-31.11396;-0.5430411;0.6926772
3617402240;39.69148;-31.1157;-0.5430714;0.692747
3617402304;39.67343;-31.11095;-0.5429885;0.6924319
3617402386;39.67364;-31.11151;-0.5429983;0.6924357
3871194749;39.67322;-31.1128;-0.5430208;0.6924283
3871194753;39.67278;-31.11263;-0.5430177;0.6924207
3871194754;39.67234;-31.11219;-0.5430101;0.692413
3871194755;39.6722;-31.11203;-0.5430073;0.6924105
3871194756;39.67204;-31.11201;-0.543007;0.6924076
3871194757;39.67171;-31.11203;-0.5430074;0.6924019
3871336252;39.67418;-31.11413;-0.543044;0.692445
3871336253;39.67141;-31.11909;-0.5431306;0.6923966
3871336862;39.67034;-31.1194;-0.5431359;0.692378
3871351777;39.67491;-31.11419;-0.543045;0.6924578
3871351778;39.67488;-31.11445;-0.5430495;0.6924573
3871351779;39.67485;-31.11467;-0.5430534;0.6924567
3871351780;39.67467;-31.11532;-0.5430648;0.6924536
3871351781;39.67455;-31.11572;-0.5430718;0.6924515
3871351782;39.6745;-31.11581;-0.5430734;0.6924507
3871351783;39.67446;-31.11584;-0.5430738;0.6924499
3871351784;39.67436;-31.1158;-0.5430731;0.6924482
3871351785;39.67415;-31.11575;-0.5430723;0.6924445
3871622796;39.6745;-31.11419;-0.5430452;0.6924507
3871622797;39.67435;-31.11285;-0.5430216;0.692448
3871636527;39.67686;-31.11492;-0.5430577;0.6924919
3871636529;39.67679;-31.11471;-0.5430542;0.6924906
3871636530;39.67666;-31.11473;-0.5430545;0.6924884
3871636531;39.67654;-31.11479;-0.5430555;0.6924862
3871636532;39.67649;-31.11479;-0.5430555;0.6924855
3871636533;39.67633;-31.1148;-0.5430557;0.6924825
3871636534;39.67616;-31.11483;-0.5430562;0.6924797
3871636535;39.67601;-31.11482;-0.543056;0.692477
3871636536;39.67597;-31.11479;-0.5430555;0.6924763
3871636537;39.67588;-31.1146;-0.5430521;0.6924747
3871636540;39.67581;-31.1146;-0.5430523;0.6924735
3871636541;39.67568;-31.11466;-0.5430533;0.6924712
3871636542;39.67558;-31.11469;-0.5430537;0.6924695
3871636543;39.67534;-31.11467;-0.5430534;0.6924654
3871636544;39.67523;-31.11465;-0.5430531;0.6924633
3871636545;39.67503;-31.1146;-0.5430522;0.6924598
3871636546;39.67485;-31.11463;-0.5430527;0.6924568
3871636548;39.6749;-31.1136;-0.5430347;0.6924576
3871636549;39.67504;-31.11357;-0.5430342;0.6924601
3871636550;39.6753;-31.11347;-0.5430325;0.6924646
3876884145;39.67035;-31.11416;-0.5430446;0.6923782
3876884146;39.67044;-31.1137;-0.5430364;0.6923798
3876884147;39.67038;-31.11393;-0.5430406;0.6923788
3876884148;39.67033;-31.11442;-0.5430491;0.6923779
3876884149;39.67035;-31.11434;-0.5430477;0.6923782
3877298950;39.67393;-31.11268;-0.5430186;0.6924406
3877298951;39.67376;-31.11245;-0.5430146;0.6924376
3877308133;39.6719;-31.11149;-0.5429979;0.6924053
3877308134;39.67177;-31.11152;-0.5429984;0.692403
3877308146;39.67168;-31.11152;-0.5429986;0.6924015
3877308147;39.6716;-31.11154;-0.5429988;0.6924
3877372908;39.69873;-31.09239;-0.5426646;0.6928735
3877372918;39.7003;-31.09467;-0.5427044;0.692901
3877372920;39.69958;-31.09365;-0.5426865;0.6928883
3877381970;39.69724;-31.08748;-0.5425788;0.6928474
3877388548;39.67678;-31.10653;-0.5429113;0.6924905
3878906701;39.68684;-31.09191;-0.5426562;0.6926661
3878906702;39.68719;-31.09261;-0.5426684;0.6926722
4392043339;39.69098;-31.09219;-0.5426611;0.6927384
4973442725;39.69093;-31.09228;-0.5426626;0.6927375
5107808407;39.689;-31.09357;-0.5426852;0.6927038
5107808408;39.68903;-31.0935;-0.5426839;0.6927042
5274003989;39.68604;-31.10013;-0.5427997;0.6926521
5274003990;39.6759;-31.10797;-0.5429365;0.6924751
5274014462;39.67499;-31.11203;-0.5430073;0.6924592
5274014463;39.67362;-31.11287;-0.5430219;0.6924353
5274014464;39.67368;-31.11413;-0.543044;0.6924364
5274034553;39.67122;-31.11145;-0.5429972;0.6923934
5274034555;39.67113;-31.11136;-0.5429956;0.6923918
5274034556;39.67107;-31.11144;-0.5429971;0.6923907
5274059496;39.67219;-31.11457;-0.5430517;0.6924103
5274069743;39.67234;-31.11126;-0.5429939;0.6924129
5274069744;39.67224;-31.11129;-0.5429945;0.6924112
5274105406;39.67338;-31.11154;-0.5429989;0.6924312
5274105407;39.67328;-31.11345;-0.5430322;0.6924294
5274105408;39.67329;-31.11069;-0.542984;0.6924295
5274105409;39.67322;-31.11059;-0.5429823;0.6924283
5274105410;39.67312;-31.11047;-0.5429801;0.6924266
5274105411;39.6938;-31.08808;-0.5425893;0.6927875
5274105412;39.69373;-31.08772;-0.5425831;0.6927862
5274105413;39.69364;-31.08734;-0.5425764;0.6927847
5274105414;39.69079;-31.08991;-0.5426214;0.692735
5274105415;39.68916;-31.09292;-0.5426738;0.6927065
5274131275;39.70806;-31.0984;-0.5427695;0.6930364
5274131276;39.7052;-31.09772;-0.5427577;0.6929865
5274131277;39.70544;-31.09757;-0.5427549;0.6929907
5275195277;39.7024;-31.0852;-0.5425391;0.6929376
5277192032;39.67479;-31.11363;-0.5430352;0.6924556
5277215683;39.6745;-31.11268;-0.5430187;0.6924507
5277215684;39.67469;-31.11325;-0.5430287;0.692454
5277324912;39.67487;-31.11455;-0.5430512;0.692457
5279931508;39.67334;-31.11174;-0.5430023;0.6924303
5279965486;39.67345;-31.11231;-0.5430123;0.6924323
5279965487;39.6733;-31.11218;-0.5430099;0.6924297
5279996202;39.67244;-31.11126;-0.5429938;0.6924146
5279996203;39.67223;-31.1114;-0.5429963;0.6924109
5279996204;39.67402;-31.11284;-0.5430216;0.6924422
5280019959;39.67374;-31.1115;-0.5429981;0.6924374
5280019960;39.67344;-31.1115;-0.5429981;0.6924322
5280019961;39.67347;-31.11072;-0.5429845;0.6924326
5280019962;39.67345;-31.11079;-0.5429857;0.6924324
5280019963;39.67331;-31.11135;-0.5429954;0.6924298
5280019964;39.67331;-31.11143;-0.5429968;0.69243
5280019965;39.67337;-31.11161;-0.543;0.6924309
5280019966;39.67333;-31.11151;-0.5429982;0.6924302
5280035038;39.67336;-31.11015;-0.5429745;0.6924308
5281646964;39.67424;-31.11145;-0.5429973;0.6924462
5281646965;39.67402;-31.11055;-0.5429815;0.6924422
5281646966;39.67393;-31.11086;-0.5429869;0.6924406
5281646967;39.67388;-31.11097;-0.5429888;0.6924398
5281646968;39.67397;-31.11116;-0.5429922;0.6924414
5281646969;39.67405;-31.11111;-0.5429912;0.6924428
5281705200;39.6713;-31.11155;-0.5429989;0.6923948
5281705201;39.67112;-31.11152;-0.5429984;0.6923917
5281705202;39.67116;-31.11153;-0.5429986;0.6923923
5281705203;39.67119;-31.11138;-0.542996;0.6923928
5281705204;39.67108;-31.1115;-0.542998;0.692391
5281705205;39.67117;-31.11137;-0.5429958;0.6923925
5281705206;39.67121;-31.11149;-0.5429979;0.6923932
5281705207;39.67121;-31.11141;-0.5429965;0.6923932
5281705208;39.67119;-31.11152;-0.5429984;0.6923929
5281705209;39.67108;-31.11139;-0.5429962;0.6923909
5283578723;39.6746;-31.11026;-0.5429764;0.6924524
5283578724;39.67455;-31.11033;-0.5429776;0.6924515
5283630453;39.67533;-31.10966;-0.542966;0.6924651
5283630454;39.67698;-31.10609;-0.5429037;0.6924939
5283630455;39.67728;-31.10625;-0.5429065;0.6924992
5283630456;39.67542;-31.10996;-0.5429713;0.6924667
5283630457;39.67513;-31.11098;-0.5429891;0.6924617
5283630458;39.67511;-31.11017;-0.5429749;0.6924614
5283630459;39.67511;-31.11003;-0.5429726;0.6924613
5285605699;39.69413;-31.0996;-0.5427904;0.6927933
5285605700;39.69399;-31.09963;-0.5427909;0.6927908
5285605701;39.69798;-31.09797;-0.5427619;0.6928604
5285605702;39.69793;-31.09795;-0.5427616;0.6928595
5285605703;39.68815;-31.10235;-0.5428383;0.6926889
5285605704;39.68241;-31.10325;-0.5428542;0.6925887
5285605705;39.67874;-31.10255;-0.542842;0.6925247
5285605706;39.68424;-31.09817;-0.5427654;0.6926207
5285605707;39.6811;-31.1013;-0.5428201;0.6925657
5285609699;39.70469;-31.09854;-0.5427719;0.6929775
5285609700;39.70306;-31.09809;-0.542764;0.6929491
5285609701;39.70855;-31.09825;-0.5427669;0.693045
5285609702;39.7048;-31.09851;-0.5427715;0.6929794
5285609703;39.70295;-31.09811;-0.5427644;0.6929472
5285609704;39.70185;-31.09833;-0.5427683;0.692928
5285609705;39.70176;-31.09828;-0.5427673;0.6929264
5285609706;39.70196;-31.09829;-0.5427676;0.6929299
5285609707;39.70192;-31.09832;-0.5427681;0.6929291
5308152822;39.68644;-31.09554;-0.5427196;0.692659
5308177362;39.69788;-31.08732;-0.542576;0.6928587
5308177363;39.69451;-31.09015;-0.5426255;0.6927999
5308177364;39.70107;-31.09055;-0.5426325;0.6929144
5308177365;39.69875;-31.09095;-0.5426395;0.6928739
5308177366;39.69128;-31.09173;-0.5426531;0.6927435
5308177367;39.68971;-31.09263;-0.5426687;0.6927162
5308177368;39.69464;-31.09038;-0.5426295;0.6928023
5308177369;39.69461;-31.0907;-0.542635;0.6928016
5309962903;39.70588;-31.08986;-0.5426204;0.6929983
5309962904;39.71106;-31.09057;-0.5426328;0.6930888
5309962906;39.70277;-31.09048;-0.5426312;0.6929441
5309962907;39.70284;-31.09046;-0.5426309;0.6929452
5309962908;39.7068;-31.08948;-0.5426138;0.6930144
5342599148;39.67964;-31.10225;-0.5428367;0.6925404
5342599149;39.67958;-31.10239;-0.5428392;0.6925394
5342599150;39.67948;-31.1025;-0.542841;0.6925375
5342599151;39.67934;-31.10255;-0.5428419;0.6925352
5342599152;39.67921;-31.10262;-0.5428432;0.6925329
5342599153;39.67914;-31.10275;-0.5428453;0.6925316
5342599154;39.67907;-31.103;-0.5428497;0.6925305
5342599155;39.679;-31.10323;-0.5428537;0.6925293
5342599156;39.67897;-31.10336;-0.542856;0.6925287
5342599157;39.67887;-31.10373;-0.5428624;0.6925269
