339843533;37.01691;-7.929361;-0.1383935;0.6460669
344484681;37.01654;-7.935114;-0.1384939;0.6460605
344484684;37.01601;-7.93532;-0.1384975;0.6460513
344484691;37.01814;-7.93168;-0.1384339;0.6460884
344484708;37.01906;-7.926593;-0.1383451;0.6461045
344484721;37.01952;-7.92594;-0.1383337;0.6461126
344484744;37.01688;-7.929211;-0.1383908;0.6460665
344484745;37.01543;-7.927945;-0.1383687;0.6460411
344484775;37.01361;-7.932585;-0.1384497;0.6460093
344484779;37.01585;-7.928859;-0.1383847;0.6460485
344484782;37.01543;-7.929235;-0.1383913;0.6460411
344484786;37.01514;-7.930529;-0.1384138;0.6460361
344484791;37.01443;-7.931756;-0.1384353;0.6460238
344484792;37.01413;-7.932182;-0.1384427;0.6460184
344484793;37.01669;-7.934832;-0.1384889;0.6460631
344484808;37.01568;-7.929481;-0.1383955;0.6460454
344484821;37.01579;-7.931549;-0.1384316;0.6460474
344484833;37.0148;-7.932666;-0.1384511;0.6460301
344615446;37.01847;-7.934959;-0.1384912;0.6460943
344615451;37.0193;-7.936067;-0.1385105;0.6461087
344615474;37.01981;-7.936519;-0.1385184;0.6461176
344615478;37.02038;-7.933322;-0.1384626;0.6461276
344615484;37.02051;-7.934397;-0.1384813;0.6461298
344615485;37.01986;-7.934324;-0.1384801;0.6461185
344615490;37.01912;-7.934446;-0.1384822;0.6461055
344615491;37.01895;-7.933935;-0.1384733;0.6461026
344615492;37.01843;-7.933685;-0.1384689;0.6460935
344615498;37.0177;-7.932763;-0.1384528;0.6460807
344615501;37.01682;-7.934587;-0.1384847;0.6460654
344615504;37.0181;-7.933739;-0.1384699;0.6460878
344615507;37.01962;-7.931132;-0.1384244;0.6461143
344615509;37.01894;-7.933596;-0.1384674;0.6461023
344615511;37.01952;-7.931384;-0.1384288;0.6461126
344615512;37.01893;-7.93048;-0.138413;0.6461022
344615513;37.0184;-7.929973;-0.1384041;0.646093
344615514;37.01709;-7.929224;-0.1383911;0.6460702
344615521;37.0191;-7.928837;-0.1383843;0.6461052
344615522;37.01798;-7.930609;-0.1384152;0.6460856
344615523;37.01772;-7.931746;-0.1384351;0.6460811
344615524;37.01777;-7.93108;-0.1384235;0.6460819
344615525;37.01782;-7.930866;-0.1384197;0.6460828
344615534;37.01832;-7.93139;-0.1384289;0.6460915
344615535;37.01864;-7.930908;-0.1384204;0.6460972
344615536;37.01812;-7.93038;-0.1384113;0.6460881
344615537;37.01736;-7.929968;-0.1384041;0.6460748
344615551;37.01888;-7.929175;-0.1383902;0.6461014
344615552;37.01795;-7.928167;-0.1383726;0.6460851
344615800;37.01838;-7.934618;-0.1384852;0.6460926
344615808;37.01819;-7.933986;-0.1384742;0.6460893
430360199;37.01818;-7.930439;-0.1384123;0.6460892
448748573;37.02031;-7.937031;-0.1385273;0.6461263
458797295;37.02043;-7.937155;-0.1385295;0.6461284
916948206;37.0162;-7.935251;-0.1384963;0.6460545
916948212;37.0162;-7.935115;-0.1384939;0.6460545
916948223;37.01623;-7.935073;-0.1384932;0.646055
916948224;37.01627;-7.935053;-0.1384928;0.6460558
916948225;37.01632;-7.935056;-0.1384929;0.6460566
916948237;37.01623;-7.935284;-0.1384968;0.646055
916948256;37.01639;-7.9352;-0.1384954;0.6460579
916948269;37.01676;-7.936343;-0.1385153;0.6460643
916948285;37.01638;-7.935239;-0.1384961;0.6460577
916948287;37.01636;-7.935279;-0.1384967;0.6460573
916948291;37.01632;-7.935302;-0.1384972;0.6460567
916948293;37.01625;-7.935301;-0.1384971;0.6460555
916978949;37.01548;-7.934797;-0.1384883;0.646042
926664474;37.01388;-7.932375;-0.1384461;0.646014
933258738;37.01573;-7.93032;-0.1384102;0.6460464
933258745;37.01554;-7.930295;-0.1384098;0.646043
933258752;37.01549;-7.931547;-0.1384316;0.6460421
933258765;37.0153;-7.930259;-0.1384091;0.6460388
933258782;37.0151;-7.930684;-0.1384165;0.6460354
933258814;37.01548;-7.931945;-0.1384386;0.646042
933258821;37.01546;-7.932642;-0.1384507;0.6460418
933258835;37.01502;-7.931513;-0.138431;0.6460339
933258841;37.01534;-7.933592;-0.1384673;0.6460395
933258847;37.01544;-7.933178;-0.1384601;0.6460413
933258863;37.01505;-7.931238;-0.1384262;0.6460345
933258939;37.01469;-7.931254;-0.1384265;0.6460283
995138403;37.01635;-7.935082;-0.1384933;0.6460572
995138404;37.01618;-7.93519;-0.1384952;0.6460543
995138415;37.01638;-7.935121;-0.138494;0.6460577
1049846136;37.01913;-7.926504;-0.1383436;0.6461057
1049942054;37.01949;-7.931521;-0.1384312;0.6461119
1049942061;37.01856;-7.933109;-0.1384589;0.6460958
1049942105;37.02003;-7.934371;-0.1384809;0.6461214
1049942112;37.01897;-7.934371;-0.1384809;0.6461028
1049942136;37.01931;-7.932244;-0.1384438;0.6461089
1049942175;37.01873;-7.931974;-0.1384391;0.6460987
1049942178;37.01937;-7.934392;-0.1384813;0.64611
1049942182;37.01792;-7.933139;-0.1384594;0.6460845
1049942196;37.01888;-7.93209;-0.1384411;0.6461012
1069296311;37.02015;-7.935017;-0.1384922;0.6461236
1069296330;37.01741;-7.93488;-0.1384898;0.6460756
1069296350;37.01968;-7.934965;-0.1384913;0.6461154
1069296380;37.01949;-7.934876;-0.1384897;0.6461119
1069296399;37.01936;-7.934688;-0.1384864;0.6461098
1069296427;37.01923;-7.934427;-0.1384819;0.6461074
1083861508;37.01851;-7.922883;-0.1382804;0.6460949
1084578784;37.01775;-7.934097;-0.1384761;0.6460817
1084578799;37.01746;-7.932514;-0.1384485;0.6460765
1084578818;37.01931;-7.932274;-0.1384443;0.6461088
1084578840;37.01759;-7.932082;-0.1384409;0.6460789
1084578854;37.0182;-7.934429;-0.1384819;0.6460894
1084578874;37.01785;-7.930164;-0.1384075;0.6460834
1084578988;37.01757;-7.930029;-0.1384051;0.6460784
1084578996;37.01724;-7.930796;-0.1384185;0.6460727
1084578999;37.01899;-7.933345;-0.138463;0.6461033
1084579004;37.01842;-7.934515;-0.1384834;0.6460934
1084579083;37.01828;-7.929895;-0.1384028;0.6460909
1084579118;37.01865;-7.932067;-0.1384407;0.6460972
1084579170;37.01857;-7.934222;-0.1384783;0.6460959
1084579187;37.01777;-7.932086;-0.138441;0.6460819
1084579191;37.01858;-7.935013;-0.1384921;0.6460961
1084579197;37.0172;-7.932035;-0.1384401;0.6460721
1084579217;37.01859;-7.934832;-0.1384889;0.6460963
1084579246;37.0182;-7.931989;-0.1384393;0.6460894
1084579289;37.01883;-7.932074;-0.1384408;0.6461005
1084579309;37.01812;-7.932099;-0.1384412;0.6460881
1084579348;37.01982;-7.933423;-0.1384643;0.6461177
1084579365;37.01837;-7.935213;-0.1384956;0.6460925
1084611145;37.01537;-7.928557;-0.1383794;0.64604
1084611481;37.01453;-7.927024;-0.1383527;0.6460254
1084611642;37.01491;-7.92895;-0.1383863;0.6460321
1084611739;37.01504;-7.929066;-0.1383883;0.6460343
1084612526;37.01484;-7.928872;-0.1383849;0.6460308
1085984667;37.0169;-7.929177;-0.1383902;0.6460668
1085984687;37.01625;-7.931193;-0.1384254;0.6460554
1085984690;37.01509;-7.929852;-0.138402;0.6460353
1085984691;37.01483;-7.930771;-0.1384181;0.6460306
1085984696;37.01705;-7.929148;-0.1383897;0.6460693
1085984714;37.01697;-7.9294;-0.1383941;0.646068
1085984718;37.01639;-7.929628;-0.1383981;0.6460578
1085984721;37.01709;-7.929316;-0.1383927;0.6460701
1085984736;37.01705;-7.929379;-0.1383938;0.6460693
1085984740;37.01688;-7.929256;-0.1383916;0.6460664
1085984748;37.01594;-7.929457;-0.1383951;0.64605
1085984750;37.01725;-7.933173;-0.13846;0.6460728
1085984757;37.01697;-7.929126;-0.1383894;0.646068
1085984766;37.01685;-7.929758;-0.1384004;0.6460658
1085984767;37.01688;-7.929319;-0.1383927;0.6460665
1105146853;37.01814;-7.934736;-0.1384873;0.6460884
1105146892;37.01742;-7.934294;-0.1384796;0.6460758
1105146916;37.01943;-7.93621;-0.138513;0.6461109
1105170126;37.01773;-7.935715;-0.1385044;0.6460812
1105170131;37.01782;-7.936502;-0.1385181;0.6460828
1105170142;37.01816;-7.935758;-0.1385051;0.6460887
1105170148;37.01799;-7.936034;-0.1385099;0.6460858
1105170176;37.01788;-7.936265;-0.138514;0.646084
1105170190;37.01824;-7.935557;-0.1385016;0.6460901
1105170192;37.01895;-7.935598;-0.1385023;0.6461025
1105170209;37.0207;-7.937434;-0.1385344;0.6461331
1105170211;37.01759;-7.934405;-0.1384815;0.6460788
1105170226;37.01832;-7.935357;-0.1384981;0.6460915
1298532118;37.01563;-7.929527;-0.1383964;0.6460447
1298532119;37.01549;-7.929291;-0.1383922;0.6460422
1298533271;37.01693;-7.929146;-0.1383897;0.6460673
1298533275;37.0171;-7.929274;-0.1383919;0.6460702
1298533276;37.01707;-7.929358;-0.1383934;0.6460697
1298533277;37.01707;-7.929183;-0.1383903;0.6460698
1298533283;37.01693;-7.929386;-0.1383939;0.6460674
1298533294;37.01701;-7.929127;-0.1383894;0.6460686
1298533298;37.01701;-7.929398;-0.1383941;0.6460687
1372597633;37.01855;-7.932087;-0.138441;0.6460955
1372597639;37.01825;-7.931909;-0.1384379;0.6460903
1372597642;37.0183;-7.931924;-0.1384382;0.6460913
1372597653;37.01721;-7.928371;-0.1383762;0.6460721
1372691063;37.01863;-7.934178;-0.1384775;0.646097
1372691120;37.01691;-7.929167;-0.1383901;0.6460669
1372790165;37.01629;-7.935052;-0.1384928;0.6460562
1372790319;37.01793;-7.930686;-0.1384166;0.6460848
1372790569;37.01543;-7.933139;-0.1384594;0.6460411
1372795386;37.01682;-7.930744;-0.1384176;0.6460653
1888304486;37.0162;-7.930945;-0.1384211;0.6460545
1888304492;37.01624;-7.930975;-0.1384216;0.6460553
1888304548;37.01683;-7.929354;-0.1383933;0.6460656
1888338670;37.0164;-7.928929;-0.1383859;0.646058
1888338672;37.01644;-7.927976;-0.1383693;0.6460588
1888338676;37.01646;-7.929659;-0.1383987;0.6460592
1888338678;37.01676;-7.928339;-0.1383756;0.6460644
1888338680;37.01694;-7.928538;-0.1383791;0.6460676
1931183196;37.01709;-7.93408;-0.1384758;0.6460701
1931183198;37.01771;-7.934999;-0.1384919;0.646081
1931183199;37.01722;-7.93358;-0.1384671;0.6460724
1931183200;37.01788;-7.935026;-0.1384923;0.646084
1931183202;37.01731;-7.93538;-0.1384985;0.6460739
1931183203;37.01719;-7.933913;-0.1384729;0.6460719
1931183207;37.01704;-7.933888;-0.1384725;0.6460692
1931183208;37.01703;-7.933848;-0.1384718;0.6460691
1931183212;37.01667;-7.934874;-0.1384897;0.6460627
1931183213;37.01725;-7.933414;-0.1384642;0.646073
1931183215;37.01751;-7.933859;-0.138472;0.6460773
1931183216;37.01726;-7.933757;-0.1384702;0.646073
1931183217;37.0171;-7.933969;-0.1384739;0.6460702
1931183219;37.0172;-7.933498;-0.1384657;0.6460721
1931183223;37.01727;-7.933648;-0.1384683;0.6460733
1931183228;37.01725;-7.933604;-0.1384675;0.6460729
1931183232;37.01731;-7.933717;-0.1384695;0.6460739
1931183233;37.01693;-7.935031;-0.1384924;0.6460673
1931183239;37.01707;-7.935114;-0.1384939;0.6460697
1931183240;37.01704;-7.934741;-0.1384874;0.6460693
1931183241;37.01713;-7.933599;-0.1384674;0.6460708
1931183242;37.01711;-7.934088;-0.138476;0.6460704
1931183244;37.01707;-7.934167;-0.1384773;0.6460698
1931183245;37.01738;-7.93376;-0.1384702;0.6460751
1931183246;37.01719;-7.933572;-0.138467;0.6460717
1931183248;37.01762;-7.935624;-0.1385028;0.6460794
1931183250;37.01713;-7.933969;-0.1384739;0.6460708
1931183254;37.01711;-7.933639;-0.1384681;0.6460704
1931183256;37.01715;-7.93358;-0.1384671;0.6460713
1931183262;37.01704;-7.933805;-0.138471;0.6460692
1931183263;37.01754;-7.934946;-0.1384909;0.646078
1931183266;37.01744;-7.935487;-0.1385004;0.6460762
1931183267;37.01736;-7.934908;-0.1384903;0.6460748
1931183269;37.01709;-7.934013;-0.1384746;0.64607
1931183270;37.01727;-7.933695;-0.1384691;0.6460733
1931183271;37.01717;-7.933937;-0.1384733;0.6460716
1931183272;37.01715;-7.935189;-0.1384952;0.6460713
1931183273;37.01715;-7.933959;-0.1384737;0.6460713
1931183276;37.01719;-7.933462;-0.138465;0.6460719
1931183277;37.01852;-7.934982;-0.1384916;0.646095
1931183282;37.01719;-7.933399;-0.1384639;0.6460717
1931183285;37.01707;-7.933953;-0.1384736;0.6460697
1931183286;37.01705;-7.933926;-0.1384731;0.6460693
1931183287;37.01745;-7.933151;-0.1384596;0.6460764
1931183289;37.01717;-7.934811;-0.1384886;0.6460716
1931203317;37.01612;-7.935283;-0.1384968;0.6460533
1931203320;37.01664;-7.936024;-0.1385098;0.6460623
1931203372;37.01628;-7.935308;-0.1384972;0.646056
1931203377;37.01653;-7.935462;-0.1384999;0.6460603
1931203381;37.01654;-7.935542;-0.1385013;0.6460606
1931203385;37.01718;-7.935222;-0.1384958;0.6460717
1931203391;37.01639;-7.93517;-0.1384948;0.6460579
1931203393;37.01616;-7.935259;-0.1384964;0.6460539
1931203418;37.01619;-7.935144;-0.1384944;0.6460543
1931230704;37.01539;-7.934001;-0.1384744;0.6460405
1931230718;37.01546;-7.934591;-0.1384847;0.6460417
1931230725;37.01546;-7.934699;-0.1384866;0.6460418
1931230727;37.01542;-7.934828;-0.1384889;0.6460409
1931230728;37.01535;-7.933768;-0.1384704;0.6460398
1931230729;37.01543;-7.934296;-0.1384796;0.6460412
1931230738;37.01608;-7.935297;-0.1384971;0.6460525
1931230758;37.01492;-7.934908;-0.1384903;0.6460322
1931230762;37.01545;-7.934779;-0.138488;0.6460415
1931236766;37.01701;-7.931668;-0.1384337;0.6460688
1931236779;37.01701;-7.931834;-0.1384366;0.6460686
1931236780;37.01715;-7.932011;-0.1384397;0.6460711
1931259191;37.01755;-7.933473;-0.1384652;0.6460781
1931259193;37.01655;-7.931087;-0.1384236;0.6460607
1931259194;37.01756;-7.933535;-0.1384663;0.6460782
1931259196;37.01647;-7.931257;-0.1384266;0.6460593
1931259198;37.0179;-7.933111;-0.1384589;0.6460842
1931259220;37.01812;-7.931791;-0.1384359;0.6460881
1931259222;37.01718;-7.931686;-0.138434;0.6460716
1931259227;37.01814;-7.932713;-0.1384519;0.6460884
1931259242;37.01789;-7.933095;-0.1384586;0.6460841
1931259246;37.0169;-7.929479;-0.1383955;0.6460668
1931259262;37.01807;-7.933654;-0.1384684;0.6460873
1931259273;37.01644;-7.931292;-0.1384272;0.6460588
1931259278;37.01668;-7.930731;-0.1384174;0.646063
1931259293;37.01744;-7.933808;-0.1384711;0.6460761
1931259301;37.01694;-7.930514;-0.1384136;0.6460676
1931259305;37.01651;-7.931284;-0.138427;0.64606
1931259312;37.01821;-7.932871;-0.1384547;0.6460897
1931259322;37.01649;-7.931383;-0.1384287;0.6460596
1931259325;37.01715;-7.930209;-0.1384083;0.6460711
1931259328;37.01768;-7.933419;-0.1384643;0.6460804
1931259330;37.0172;-7.930267;-0.1384093;0.6460721
1931259332;37.01725;-7.930212;-0.1384083;0.6460729
1931259345;37.01701;-7.930147;-0.1384072;0.6460688
1931259348;37.01827;-7.932943;-0.138456;0.6460907
1931259351;37.01777;-7.933237;-0.1384611;0.646082
1931259354;37.01734;-7.92996;-0.1384039;0.6460744
1931259372;37.0169;-7.929404;-0.1383942;0.6460668
1931259380;37.0165;-7.93122;-0.1384259;0.6460599
1931259384;37.01663;-7.930718;-0.1384171;0.646062
1931285563;37.01547;-7.931872;-0.1384373;0.6460418
1931286305;37.01543;-7.931843;-0.1384368;0.6460412
1931286402;37.01494;-7.93181;-0.1384362;0.6460326
1932033557;37.01859;-7.923071;-0.1382837;0.6460963
1932033599;37.01728;-7.927961;-0.138369;0.6460735
1932033637;37.01854;-7.923047;-0.1382833;0.6460954
1932033653;37.0171;-7.928336;-0.1383756;0.6460703
1932033656;37.01725;-7.927894;-0.1383678;0.6460729
1932033703;37.01867;-7.922966;-0.1382819;0.6460977
1932033822;37.01861;-7.923023;-0.1382828;0.6460966
1932033901;37.01854;-7.922991;-0.1382823;0.6460955
1932064637;37.01789;-7.92549;-0.1383259;0.6460841
1932064643;37.01804;-7.925139;-0.1383198;0.6460866
1932064682;37.01792;-7.925395;-0.1383242;0.6460845
1932064685;37.02095;-7.933225;-0.1384609;0.6461375
1932064690;37.01798;-7.925158;-0.1383201;0.6460856
1932064700;37.01794;-7.925483;-0.1383258;0.646085
1932064707;37.01794;-7.92531;-0.1383228;0.6460849
1932064728;37.01759;-7.926816;-0.138349;0.6460788
1932064730;37.01799;-7.925326;-0.138323;0.6460857
1932064773;37.02105;-7.933334;-0.1384628;0.6461392
1932066999;37.02091;-7.933237;-0.1384611;0.6461368
1932067001;37.02098;-7.933261;-0.1384615;0.6461381
1932074314;37.02103;-7.93328;-0.1384618;0.6461388
1932416411;37.0192;-7.926409;-0.1383419;0.6461068
1932416413;37.0192;-7.928767;-0.1383831;0.6461069
1932416449;37.01928;-7.928567;-0.1383796;0.6461083
1932416450;37.01923;-7.928623;-0.1383806;0.6461074
1932416471;37.01962;-7.929655;-0.1383986;0.6461142
1932416509;37.0192;-7.928692;-0.1383818;0.6461068
1932428721;37.017;-7.927124;-0.1383544;0.6460686
1932458321;37.0161;-7.928489;-0.1383782;0.6460528
1932458324;37.01392;-7.926404;-0.1383418;0.6460148
1932458368;37.01601;-7.928658;-0.1383812;0.6460513
1932477511;37.01505;-7.930849;-0.1384194;0.6460344
1932477535;37.01498;-7.930833;-0.1384192;0.6460333
1932477536;37.0149;-7.930864;-0.1384197;0.646032
1932477591;37.01484;-7.930906;-0.1384204;0.6460308
1932477608;37.01479;-7.930973;-0.1384216;0.64603
1932477627;37.01508;-7.930921;-0.1384207;0.646035
1933329531;37.01715;-7.929387;-0.1383939;0.6460711
1933329532;37.01691;-7.929026;-0.1383876;0.646067
1933329533;37.01875;-7.931558;-0.1384318;0.646099
1933329534;37.01688;-7.929171;-0.1383901;0.6460664
1933329535;37.01846;-7.932071;-0.1384408;0.646094
1933329536;37.0169;-7.929111;-0.1383891;0.6460668
1933329537;37.01719;-7.929254;-0.1383916;0.6460717
1933329539;37.01854;-7.932152;-0.1384422;0.6460955
1933329540;37.01707;-7.928451;-0.1383776;0.6460698
1933329541;37.01725;-7.92917;-0.1383901;0.6460728
1933329542;37.0168;-7.929207;-0.1383908;0.6460651
1933329543;37.01703;-7.929093;-0.1383888;0.6460691
1933329544;37.01682;-7.929164;-0.13839;0.6460654
1933329545;37.01684;-7.929251;-0.1383915;0.6460658
1933329546;37.01943;-7.931312;-0.1384275;0.646111
1933329547;37.01712;-7.929364;-0.1383935;0.6460705
1933329548;37.01924;-7.930774;-0.1384181;0.6461077
1933329549;37.01877;-7.932072;-0.1384408;0.6460994
1933329550;37.01717;-7.928494;-0.1383783;0.6460716
1933329553;37.01714;-7.929272;-0.1383919;0.646071
1933329554;37.01673;-7.929136;-0.1383895;0.6460637
1933329555;37.01703;-7.929045;-0.1383879;0.6460691
1933329556;37.0178;-7.931755;-0.1384352;0.6460825
1933342506;37.01546;-7.932843;-0.1384542;0.6460418
1933342508;37.01534;-7.933515;-0.138466;0.6460395
1933342513;37.01547;-7.93335;-0.1384631;0.6460419
1933342515;37.01548;-7.933275;-0.1384618;0.646042
1933342529;37.01546;-7.933043;-0.1384577;0.6460416
1933342531;37.01537;-7.933462;-0.138465;0.6460401
1933346189;37.01372;-7.932497;-0.1384482;0.6460113
1933369471;37.01489;-7.934892;-0.13849;0.6460317
1933369472;37.01488;-7.93475;-0.1384875;0.6460316
1933415576;37.01684;-7.934243;-0.1384787;0.6460657
1933415624;37.01696;-7.934345;-0.1384805;0.6460679
1933420437;37.01502;-7.931476;-0.1384304;0.646034
1933420972;37.01546;-7.929962;-0.1384039;0.6460418
1933420974;37.01575;-7.929927;-0.1384033;0.6460468
1933420977;37.01583;-7.929753;-0.1384003;0.6460481
1933427205;37.01628;-7.931168;-0.138425;0.6460559
1933427206;37.01677;-7.929692;-0.1383992;0.6460645
1933427209;37.01615;-7.930923;-0.1384207;0.6460537
1933427210;37.01628;-7.931135;-0.1384244;0.646056
1933427211;37.01628;-7.931098;-0.1384238;0.6460561
1933427212;37.01635;-7.931171;-0.1384251;0.6460572
1933427213;37.01631;-7.931184;-0.1384253;0.6460565
1933427214;37.01646;-7.931074;-0.1384234;0.6460592
1933436273;37.01551;-7.929822;-0.1384015;0.6460425
1933436274;37.01582;-7.929648;-0.1383985;0.6460479
1933436275;37.01629;-7.931561;-0.1384318;0.6460561
1933436276;37.01589;-7.929495;-0.1383958;0.6460491
1933436277;37.01636;-7.931295;-0.1384272;0.6460574
1933436278;37.01624;-7.93145;-0.1384299;0.6460552
1933436279;37.01621;-7.929113;-0.1383891;0.6460548
1933436280;37.0164;-7.931308;-0.1384274;0.646058
1933436281;37.01638;-7.931577;-0.1384321;0.6460577
1933436282;37.01569;-7.929852;-0.138402;0.6460456
1933436283;37.01624;-7.931489;-0.1384306;0.6460552
1933436284;37.01629;-7.931314;-0.1384275;0.6460561
1933436285;37.01558;-7.929468;-0.1383953;0.6460437
1933436286;37.01553;-7.929852;-0.138402;0.6460428
1933436287;37.01598;-7.928508;-0.1383786;0.6460506
1933436288;37.01555;-7.929873;-0.1384024;0.6460432
1933436289;37.0155;-7.929777;-0.1384007;0.6460424
1933436290;37.01626;-7.93135;-0.1384282;0.6460556
1933436291;37.01626;-7.931529;-0.1384313;0.6460556
1933436292;37.01575;-7.929465;-0.1383953;0.6460468
1933436293;37.01646;-7.931489;-0.1384306;0.646059
1933436295;37.01559;-7.92953;-0.1383964;0.646044
1933436299;37.01646;-7.929399;-0.1383941;0.646059
1933436300;37.01572;-7.929465;-0.1383953;0.6460462
1933436301;37.01574;-7.929423;-0.1383945;0.6460465
1933436302;37.01624;-7.931405;-0.1384291;0.6460552
1933436304;37.01579;-7.929481;-0.1383955;0.6460475
1933436306;37.01582;-7.929511;-0.1383961;0.6460479
1933436308;37.01578;-7.92971;-0.1383996;0.6460472
1933436310;37.01641;-7.931597;-0.1384325;0.6460583
1933436312;37.01551;-7.929731;-0.1383999;0.6460425
1933436313;37.01575;-7.929838;-0.1384018;0.6460466
1933436315;37.01603;-7.929919;-0.1384032;0.6460516
1933436317;37.01583;-7.929557;-0.1383969;0.6460482
1933436319;37.0158;-7.92898;-0.1383868;0.6460476
1933436321;37.01552;-7.929694;-0.1383993;0.6460427
1933436323;37.01635;-7.931582;-0.1384322;0.6460571
1933436324;37.01641;-7.931557;-0.1384318;0.6460583
1933436326;37.01646;-7.93139;-0.1384289;0.646059
1933436328;37.01557;-7.929615;-0.1383979;0.6460436
1933436329;37.01555;-7.929653;-0.1383986;0.6460432
1933436330;37.01633;-7.931296;-0.1384272;0.6460568
1933436334;37.01644;-7.931522;-0.1384312;0.6460588
1933436336;37.01617;-7.930086;-0.1384061;0.646054
1933436337;37.01632;-7.931576;-0.1384321;0.6460566
1933436339;37.01628;-7.93126;-0.1384266;0.6460559
1933436341;37.01646;-7.929455;-0.1383951;0.6460592
1933436343;37.01643;-7.931341;-0.138428;0.6460586
1933436345;37.01573;-7.929323;-0.1383928;0.6460463
1933436347;37.01583;-7.92961;-0.1383978;0.6460481
1933436349;37.01646;-7.93144;-0.1384297;0.6460592
1933436350;37.01643;-7.929352;-0.1383933;0.6460585
1933436352;37.01558;-7.929884;-0.1384026;0.6460438
1933436354;37.01562;-7.929881;-0.1384025;0.6460444
1933436356;37.01571;-7.929822;-0.1384015;0.6460459
1933436358;37.01566;-7.929873;-0.1384024;0.6460451
1933436360;37.01646;-7.931606;-0.1384326;0.6460591
1933575200;37.02063;-7.935356;-0.1384981;0.6461318
1933575210;37.0207;-7.935369;-0.1384983;0.6461331
1933575212;37.01972;-7.934343;-0.1384804;0.646116
1933582011;37.01871;-7.935236;-0.138496;0.6460984
1933582017;37.01797;-7.93608;-0.1385107;0.6460855
1933594963;37.01952;-7.934891;-0.13849;0.6461125
1933594992;37.02011;-7.935012;-0.1384921;0.6461229
1933594994;37.01877;-7.934854;-0.1384893;0.6460994
1933595010;37.01891;-7.934613;-0.1384851;0.6461018
1933597751;37.01918;-7.934355;-0.1384806;0.6461066
1933597753;37.01915;-7.933554;-0.1384666;0.6461061
1933597755;37.01917;-7.933647;-0.1384683;0.6461064
1933597757;37.01918;-7.934436;-0.138482;0.6461065
1933612931;37.01868;-7.932153;-0.1384422;0.6460978
1933612933;37.01861;-7.93259;-0.1384498;0.6460966
1933612935;37.01828;-7.932317;-0.138445;0.6460909
1933612936;37.01876;-7.932507;-0.1384484;0.6460993
1933612937;37.01896;-7.931215;-0.1384258;0.6461028
1933612938;37.0188;-7.932073;-0.1384408;0.6461
1933612939;37.01838;-7.93238;-0.1384462;0.6460926
1933612941;37.01863;-7.932582;-0.1384497;0.6460971
1933612947;37.01858;-7.932582;-0.1384497;0.6460961
1933612948;37.01866;-7.932552;-0.1384492;0.6460975
1933612951;37.01849;-7.932496;-0.1384482;0.6460946
1933612952;37.01836;-7.932401;-0.1384465;0.6460924
1933676528;37.02036;-7.931681;-0.1384339;0.6461271
1933676533;37.01915;-7.928733;-0.1383825;0.646106
1933676535;37.01999;-7.930619;-0.1384154;0.6461206
1933676538;37.01951;-7.929605;-0.1383977;0.6461123
1933676540;37.01994;-7.93062;-0.1384154;0.6461199
1933676542;37.02066;-7.932357;-0.1384457;0.6461325
1933676551;37.01936;-7.929074;-0.1383884;0.6461098
1933676557;37.02033;-7.931513;-0.138431;0.6461267
1933676581;37.01925;-7.928867;-0.1383848;0.6461078
1933676582;37.01947;-7.929374;-0.1383937;0.6461117
1933676583;37.01971;-7.929983;-0.1384043;0.6461159
1933676584;37.01943;-7.929348;-0.1383932;0.6461109
1933676586;37.0194;-7.929232;-0.1383912;0.6461104
1933676588;37.01976;-7.930167;-0.1384075;0.6461168
1933676591;37.01978;-7.930085;-0.1384061;0.646117
1933676597;37.01952;-7.929424;-0.1383946;0.6461125
1933676606;37.02034;-7.931647;-0.1384334;0.6461268
1933676609;37.01945;-7.929403;-0.1383942;0.6461113
1933676612;37.01933;-7.929125;-0.1383893;0.6461091
1933676618;37.01955;-7.92964;-0.1383983;0.646113
1933676621;37.02052;-7.932114;-0.1384415;0.64613
1933676640;37.01933;-7.929079;-0.1383885;0.6461092
1933676642;37.01906;-7.928701;-0.1383819;0.6461045
1933676643;37.01951;-7.929456;-0.1383951;0.6461123
1933676644;37.01883;-7.928429;-0.1383772;0.6461005
1933676645;37.01947;-7.92961;-0.1383978;0.6461117
1933676646;37.0196;-7.92968;-0.138399;0.6461139
1933676650;37.0185;-7.927982;-0.1383694;0.6460947
1933676658;37.01954;-7.929538;-0.1383965;0.6461129
1933676664;37.02088;-7.932974;-0.1384565;0.6461363
1933676667;37.01922;-7.928931;-0.138386;0.6461073
1933676670;37.01925;-7.928932;-0.138386;0.6461079
1933676673;37.01968;-7.929965;-0.138404;0.6461153
1933676679;37.01921;-7.928857;-0.1383847;0.6461072
1933676706;37.01996;-7.930658;-0.1384161;0.6461202
1933676707;37.01889;-7.928433;-0.1383773;0.6461015
1933676709;37.02039;-7.931659;-0.1384336;0.6461277
1933676711;37.02097;-7.933154;-0.1384597;0.6461377
1933676713;37.02038;-7.931624;-0.138433;0.6461275
1933676715;37.01875;-7.928255;-0.1383741;0.646099
1933676716;37.02002;-7.930809;-0.1384187;0.6461212
1933676718;37.02;-7.930651;-0.138416;0.6461208
1933676720;37.01913;-7.928787;-0.1383834;0.6461056
1933676722;37.01979;-7.930237;-0.1384088;0.6461173
1933676725;37.02082;-7.9329;-0.1384552;0.6461353
1933676729;37.01968;-7.929897;-0.1384028;0.6461154
1933684316;37.01794;-7.928183;-0.1383729;0.646085
1933684317;37.01761;-7.927078;-0.1383536;0.6460792
1933684319;37.01749;-7.927193;-0.1383556;0.6460771
1933684321;37.0177;-7.927164;-0.1383551;0.6460808
1933684322;37.01764;-7.927069;-0.1383535;0.6460798
1933684323;37.0175;-7.926949;-0.1383514;0.6460773
1933684326;37.01826;-7.927727;-0.1383649;0.6460905
1933684327;37.01745;-7.927135;-0.1383546;0.6460764
1933684329;37.01816;-7.927658;-0.1383637;0.6460887
1933684331;37.01806;-7.927513;-0.1383612;0.646087
1933684335;37.01823;-7.927775;-0.1383658;0.6460899
1933684336;37.01772;-7.927147;-0.1383548;0.6460811
1933684354;37.01798;-7.927465;-0.1383604;0.6460856
1933684355;37.01753;-7.926845;-0.1383495;0.6460778
1933684360;37.01752;-7.92699;-0.1383521;0.6460776
1933698759;37.01501;-7.927513;-0.1383612;0.6460338
1933710122;37.01549;-7.929914;-0.1384031;0.6460422
2076911823;37.01749;-7.926975;-0.1383518;0.6460772
2076911824;37.01754;-7.927011;-0.1383524;0.6460779
2076911825;37.01754;-7.926984;-0.138352;0.646078
2076911826;37.01832;-7.927645;-0.1383635;0.6460915
2076911829;37.01921;-7.928812;-0.1383839;0.6461071
2076911831;37.01954;-7.929457;-0.1383951;0.6461128
2466189448;37.01655;-7.935085;-0.1384934;0.6460607
2470929965;37.01471;-7.933012;-0.1384572;0.6460285
3390903174;37.01641;-7.935264;-0.1384965;0.6460583
3390903175;37.01642;-7.93509;-0.1384934;0.6460584
3390903176;37.01642;-7.935195;-0.1384953;0.6460584
3390903177;37.01645;-7.935243;-0.1384961;0.6460589
3390903178;37.01648;-7.935208;-0.1384955;0.6460595
3390903179;37.01648;-7.935295;-0.138497;0.6460595
3390903180;37.01649;-7.935104;-0.1384937;0.6460596
3390903181;37.01649;-7.935181;-0.138495;0.6460597
3390903182;37.0165;-7.935107;-0.1384937;0.6460599
3390903183;37.0165;-7.935363;-0.1384982;0.6460599
4064132551;37.021;-7.933219;-0.1384608;0.6461384
4064132553;37.02102;-7.933293;-0.1384621;0.6461386
4064132554;37.02103;-7.933309;-0.1384623;0.6461388
4151571495;37.02096;-7.933254;-0.1384614;0.6461377
4440677171;37.01484;-7.930744;-0.1384176;0.6460307
4440750732;37.02063;-7.933282;-0.1384619;0.6461319
4579726484;37.01688;-7.935002;-0.1384919;0.6460664
4579726485;37.01707;-7.934758;-0.1384877;0.6460698
4697519304;37.01494;-7.933047;-0.1384578;0.6460326
5093039420;37.01861;-7.927228;-0.1383562;0.6460966
