25620737;41.14795;-8.612149;-0.1503104;0.7181672
25620743;41.14788;-8.611281;-0.1502952;0.718166
25620747;41.14784;-8.610926;-0.150289;0.7181653
25620759;41.1488;-8.612135;-0.1503101;0.718182
25632401;41.15049;-8.608911;-0.1502538;0.7182115
25632402;41.15016;-8.609421;-0.1502627;0.7182058
25632403;41.14964;-8.609517;-0.1502644;0.7181967
25632404;41.14922;-8.6095;-0.1502641;0.7181893
25632409;41.14978;-8.605782;-0.1501992;0.7181992
25632411;41.15094;-8.60425;-0.1501725;0.7182195
25632412;41.14939;-8.60411;-0.15017;0.7181924
25632417;41.15117;-8.608475;-0.1502462;0.7182233
25632421;41.14981;-8.610211;-0.1502765;0.7181997
25632422;41.1492;-8.61045;-0.1502807;0.7181891
25632423;41.15101;-8.60223;-0.1501372;0.7182206
25632424;41.15095;-8.603686;-0.1501627;0.7182196
25632429;41.15108;-8.600131;-0.1501006;0.7182219
25632432;41.14898;-8.602083;-0.1501347;0.7181852
25632433;41.1492;-8.603171;-0.1501537;0.7181889
25632438;41.14895;-8.601905;-0.1501316;0.7181847
25632439;41.1495;-8.60182;-0.1501301;0.7181942
25632440;41.15014;-8.601207;-0.1501194;0.7182053
25632444;41.15054;-8.600733;-0.1501111;0.7182124
25632466;41.15329;-8.599692;-0.1500929;0.7182604
25632521;41.15453;-8.599478;-0.1500892;0.718282
126646458;41.14935;-8.600466;-0.1501064;0.7181916
126647239;41.15053;-8.600469;-0.1501065;0.7182122
126647309;41.1505;-8.600242;-0.1501025;0.7182117
129533454;41.15207;-8.608223;-0.1502418;0.7182392
129553665;41.14832;-8.606329;-0.1502088;0.7181736
129553667;41.14703;-8.606807;-0.1502171;0.7181511
129553875;41.14764;-8.603931;-0.1501669;0.7181618
129554083;41.14653;-8.603822;-0.150165;0.7181425
129554561;41.14729;-8.602621;-0.1501441;0.7181557
129555296;41.14869;-8.600589;-0.1501086;0.7181801
129555503;41.14841;-8.600743;-0.1501113;0.7181752
129559333;41.14519;-8.610891;-0.1502884;0.718119
137868887;41.14466;-8.611577;-0.1503004;0.7181098
137882131;41.14403;-8.604932;-0.1501844;0.7180988
137884299;41.1455;-8.603261;-0.1501552;0.7181244
137896681;41.14566;-8.60525;-0.15019;0.7181273
137896691;41.14581;-8.60034;-0.1501043;0.7181299
137896693;41.14588;-8.599158;-0.1500836;0.7181311
137896694;41.14592;-8.598228;-0.1500674;0.7181318
137901873;41.14642;-8.601911;-0.1501317;0.7181405
137901874;41.14684;-8.601942;-0.1501322;0.7181478
137903870;41.14638;-8.604301;-0.1501734;0.7181398
137903872;41.1463;-8.604342;-0.1501741;0.7181383
137903874;41.14625;-8.604333;-0.1501739;0.7181375
137903876;41.1452;-8.605919;-0.1502016;0.7181193
137903879;41.14482;-8.606874;-0.1502183;0.7181125
137955522;41.14605;-8.603377;-0.1501573;0.7181341
137959671;41.14723;-8.601551;-0.1501254;0.7181546
137961403;41.14771;-8.60015;-0.1501009;0.718163
137964116;41.14837;-8.598404;-0.1500705;0.7181745
137967018;41.14951;-8.59935;-0.150087;0.7181945
138230330;41.14431;-8.609055;-0.1502564;0.7181037
138230332;41.14389;-8.610087;-0.1502744;0.7180964
138230334;41.14354;-8.610365;-0.1502792;0.7180902
138230335;41.14353;-8.610415;-0.1502801;0.7180901
138233064;41.14488;-8.608132;-0.1502403;0.7181136
138233991;41.1433;-8.608019;-0.1502383;0.7180861
138234198;41.143;-8.608212;-0.1502416;0.7180808
138234852;41.14739;-8.608653;-0.1502493;0.7181575
138235495;41.14754;-8.609353;-0.1502616;0.7181601
138238298;41.14795;-8.599035;-0.1500815;0.7181671
138238299;41.14735;-8.599815;-0.1500951;0.7181568
138238303;41.14695;-8.600514;-0.1501073;0.7181497
138239471;41.14477;-8.600562;-0.1501081;0.7181118
138239684;41.14466;-8.598619;-0.1500742;0.7181098
138240032;41.14375;-8.597454;-0.1500539;0.7180939
138240033;41.14498;-8.597888;-0.1500615;0.7181153
138240035;41.14706;-8.59873;-0.1500762;0.7181517
138241053;41.14401;-8.599498;-0.1500895;0.7180984
138241616;41.14671;-8.597607;-0.1500565;0.7181455
138242846;41.14441;-8.599202;-0.1500844;0.7181055
138243957;41.14628;-8.596213;-0.1500322;0.718138
138252374;41.15682;-8.599058;-0.1500819;0.718322
286968481;41.14825;-8.609438;-0.150263;0.7181724
286968787;41.14778;-8.608421;-0.1502453;0.7181643
286968789;41.14811;-8.609301;-0.1502606;0.71817
286969224;41.14929;-8.611199;-0.1502938;0.7181906
374359632;41.14938;-8.599427;-0.1500883;0.7181922
423183085;41.14851;-8.599693;-0.150093;0.718177
423185164;41.1491;-8.599057;-0.1500819;0.7181873
423185181;41.14893;-8.598861;-0.1500784;0.7181843
423185194;41.1491;-8.5989;-0.1500791;0.7181872
475406849;41.14977;-8.611247;-0.1502946;0.718199
475406851;41.14976;-8.611112;-0.1502922;0.7181988
475406852;41.14977;-8.610429;-0.1502803;0.7181989
475406853;41.14965;-8.610216;-0.1502766;0.7181969
475408774;41.14874;-8.609862;-0.1502704;0.7181809
475410116;41.14728;-8.60811;-0.1502399;0.7181555
475410118;41.14811;-8.607594;-0.1502309;0.71817
475410511;41.14827;-8.608134;-0.1502403;0.7181728
475413943;41.14798;-8.606457;-0.150211;0.7181677
475876236;41.14448;-8.611179;-0.1502934;0.7181067
475876237;41.14445;-8.611439;-0.150298;0.7181062
475876238;41.1444;-8.611671;-0.150302;0.7181053
475876239;41.14432;-8.61182;-0.1503046;0.7181038
475876242;41.14425;-8.611885;-0.1503057;0.7181026
475877747;41.14416;-8.611878;-0.1503056;0.7181011
668955253;41.14645;-8.604136;-0.1501705;0.7181411
747478280;41.15005;-8.611097;-0.150292;0.7182038
747478309;41.14988;-8.611205;-0.1502939;0.7182009
958309720;41.1503;-8.610343;-0.1502788;0.7182082
1105966159;41.15033;-8.610877;-0.1502881;0.7182087
1143318426;41.14359;-8.610908;-0.1502887;0.7180912
1209790922;41.1502;-8.609395;-0.1502623;0.7182064
1277364250;41.14725;-8.609509;-0.1502643;0.718155
1278184331;41.14915;-8.609357;-0.1502616;0.7181882
1278184335;41.14993;-8.606378;-0.1502096;0.7182017
1278184344;41.14912;-8.609657;-0.1502669;0.7181877
1278184346;41.14914;-8.609488;-0.1502639;0.718188
1278184350;41.14853;-8.607087;-0.150222;0.7181773
1386051849;41.14803;-8.612287;-0.1503128;0.7181685
1390263661;41.1446;-8.609486;-0.1502639;0.7181087
1390263684;41.14503;-8.608747;-0.150251;0.7181163
1390263696;41.14519;-8.610668;-0.1502845;0.7181191
1390263738;41.14569;-8.608249;-0.1502423;0.7181278
1390263750;41.14588;-8.608856;-0.1502529;0.7181311
1390263755;41.1459;-8.610046;-0.1502737;0.7181314
1390263758;41.14596;-8.60913;-0.1502577;0.7181325
1548165901;41.1428;-8.600476;-0.1501066;0.7180773
1548165946;41.1417;-8.596255;-0.150033;0.7180581
1548166034;41.14302;-8.601021;-0.1501161;0.7180811
1554874570;41.14417;-8.607449;-0.1502283;0.7181012
1554874616;41.14491;-8.607056;-0.1502215;0.7181141
1556436651;41.14606;-8.607059;-0.1502215;0.7181343
1594804665;41.14301;-8.598075;-0.1500647;0.718081
1594804752;41.14434;-8.599969;-0.1500978;0.7181042
1676280555;41.14942;-8.611213;-0.150294;0.7181929
1676280580;41.15042;-8.610337;-0.1502787;0.7182104
1684844136;41.14626;-8.610284;-0.1502778;0.7181376
1684844554;41.14846;-8.609574;-0.1502654;0.7181761
1684844596;41.14865;-8.609752;-0.1502685;0.7181795
1684844700;41.14912;-8.609126;-0.1502576;0.7181877
1684844771;41.14925;-8.610468;-0.150281;0.7181899
1684844785;41.14934;-8.611151;-0.1502929;0.7181914
1684844794;41.14961;-8.610379;-0.1502795;0.7181962
1684844797;41.14962;-8.610343;-0.1502788;0.7181963
1684844798;41.1497;-8.611094;-0.1502919;0.7181977
1684844801;41.14971;-8.610348;-0.1502789;0.7181979
1684844803;41.14971;-8.611139;-0.1502927;0.7181979
1684844808;41.14983;-8.611008;-0.1502904;0.7182
1684844825;41.15049;-8.610851;-0.1502877;0.7182115
1684889107;41.14458;-8.608542;-0.1502474;0.7181084
1788785116;41.14611;-8.604054;-0.1501691;0.7181352
1788785120;41.14613;-8.604153;-0.1501708;0.7181354
1788785130;41.14615;-8.604244;-0.1501724;0.7181358
1788785269;41.1468;-8.600773;-0.1501118;0.7181471
1788785378;41.1472;-8.599788;-0.1500946;0.7181541
1788785403;41.14732;-8.601949;-0.1501323;0.7181562
1788785406;41.1473;-8.608094;-0.1502396;0.7181559
1788785407;41.14732;-8.599606;-0.1500914;0.7181563
1788785575;41.14809;-8.599015;-0.1500811;0.7181696
1788785577;41.14816;-8.598805;-0.1500775;0.7181709
1788785585;41.14827;-8.598775;-0.1500769;0.7181728
1788785595;41.14836;-8.598657;-0.1500749;0.7181743
1788785596;41.14835;-8.598815;-0.1500776;0.7181742
1788785599;41.14838;-8.598565;-0.1500733;0.7181747
1788785718;41.14906;-8.598771;-0.1500769;0.7181866
1788785727;41.14913;-8.599103;-0.1500827;0.7181878
1788785739;41.14943;-8.59978;-0.1500945;0.7181929
2006399741;41.14642;-8.604248;-0.1501725;0.7181404
2053571360;41.15169;-8.600005;-0.1500984;0.7182325
2076734382;41.14418;-8.609395;-0.1502623;0.7181014
2107054816;41.14775;-8.610278;-0.1502777;0.7181638
2135998880;41.14339;-8.607957;-0.1502372;0.7180876
2202026008;41.143;-8.601007;-0.1501159;0.7180808
2202026009;41.14304;-8.601021;-0.1501161;0.7180816
2202026023;41.14453;-8.600206;-0.1501019;0.7181075
2202026075;41.14611;-8.603315;-0.1501562;0.7181351
2202026076;41.14612;-8.603595;-0.1501611;0.7181353
2202026077;41.14612;-8.60363;-0.1501617;0.7181353
2202026080;41.14614;-8.603068;-0.1501519;0.7181357
2202026083;41.14614;-8.603558;-0.1501604;0.7181357
2202026084;41.14616;-8.604049;-0.150169;0.7181359
2202026085;41.14614;-8.604196;-0.1501715;0.7181356
2202026086;41.14614;-8.602969;-0.1501501;0.7181356
2202026095;41.14625;-8.60354;-0.1501601;0.7181375
2202026123;41.14694;-8.606501;-0.1502118;0.7181495
2202026124;41.14704;-8.606872;-0.1502182;0.7181513
2204099858;41.14606;-8.610917;-0.1502889;0.7181342
2204099885;41.14825;-8.609408;-0.1502625;0.7181726
2204099938;41.1501;-8.607181;-0.1502236;0.7182047
2204099942;41.14674;-8.609497;-0.1502641;0.718146
2204099947;41.14817;-8.608196;-0.1502414;0.718171
2204099951;41.14671;-8.609581;-0.1502655;0.7181455
2204099972;41.14819;-8.608611;-0.1502486;0.7181715
2204099989;41.14863;-8.609796;-0.1502693;0.718179
2204099999;41.14679;-8.609075;-0.1502567;0.7181469
2204100002;41.14824;-8.608409;-0.1502451;0.7181723
2204100011;41.14608;-8.610606;-0.1502834;0.7181345
2204100014;41.14885;-8.608207;-0.1502416;0.718183
2204100028;41.14874;-8.609427;-0.1502629;0.718181
2204179799;41.14425;-8.60919;-0.1502587;0.7181026
2204179817;41.14697;-8.608144;-0.1502405;0.7181501
2204179820;41.14688;-8.608201;-0.1502414;0.7181486
2204179952;41.14431;-8.607886;-0.150236;0.7181037
2204179954;41.14431;-8.608227;-0.1502419;0.7181036
2204179963;41.14693;-8.608131;-0.1502402;0.7181495
2204179990;41.14426;-8.609035;-0.150256;0.7181028
2204210203;41.1449;-8.609514;-0.1502644;0.718114
2204210205;41.144;-8.609907;-0.1502712;0.7180983
2204210207;41.14337;-8.6087;-0.1502502;0.7180873
2204210283;41.14345;-8.608629;-0.1502489;0.7180887
2204210316;41.14429;-8.607773;-0.150234;0.7181033
2204446886;41.14475;-8.611013;-0.1502905;0.7181113
2204446938;41.14482;-8.610978;-0.1502899;0.7181126
2205918899;41.14444;-8.611538;-0.1502997;0.7181059
2206208144;41.14428;-8.611216;-0.1502941;0.7181032
2206208148;41.144;-8.611389;-0.1502971;0.7180983
2206233230;41.14375;-8.610482;-0.1502813;0.7180938
2208159169;41.14498;-8.611144;-0.1502928;0.7181153
2208476303;41.1447;-8.606914;-0.150219;0.7181104
2208650606;41.1459;-8.609987;-0.1502726;0.7181315
2208650607;41.14598;-8.609319;-0.150261;0.7181329
2208686190;41.1461;-8.610248;-0.1502772;0.7181349
2208686199;41.1461;-8.610209;-0.1502765;0.7181349
2208686206;41.14611;-8.610288;-0.1502779;0.7181351
2208686217;41.14606;-8.610625;-0.1502838;0.7181343
2208686218;41.14592;-8.610765;-0.1502862;0.7181318
2208686220;41.14598;-8.61085;-0.1502877;0.7181329
2208891025;41.14609;-8.607063;-0.1502216;0.7181347
2208891030;41.14553;-8.60741;-0.1502277;0.718125
2208891038;41.14595;-8.607054;-0.1502214;0.7181323
2208891039;41.14591;-8.607066;-0.1502216;0.7181317
2208891042;41.14599;-8.607049;-0.1502213;0.718133
2208891049;41.14539;-8.607386;-0.1502272;0.7181225
2208891057;41.14602;-8.607051;-0.1502214;0.7181335
2208891059;41.14615;-8.607109;-0.1502224;0.7181358
2208891061;41.14471;-8.607095;-0.1502221;0.7181107
2208891067;41.14588;-8.607092;-0.1502221;0.7181311
2208891083;41.14544;-8.607414;-0.1502277;0.7181234
2208891126;41.14564;-8.607332;-0.1502263;0.7181268
2208891134;41.14476;-8.607024;-0.1502209;0.7181116
2208891144;41.14569;-8.607266;-0.1502251;0.7181278
2208891162;41.14558;-8.607384;-0.1502272;0.7181258
2208891172;41.14474;-8.606995;-0.1502204;0.7181112
2208891198;41.14549;-8.607421;-0.1502278;0.7181243
2218529687;41.14331;-8.602135;-0.1501356;0.7180862
2222190442;41.14417;-8.604095;-0.1501698;0.7181011
2222190625;41.14454;-8.602765;-0.1501466;0.7181078
2222190669;41.14412;-8.604238;-0.1501723;0.7181004
2222190802;41.14413;-8.604193;-0.1501715;0.7181006
2222190811;41.14386;-8.604389;-0.1501749;0.7180958
2222393782;41.14527;-8.604384;-0.1501748;0.7181204
2222393784;41.14523;-8.604399;-0.1501751;0.7181198
2222393786;41.1453;-8.604362;-0.1501744;0.7181209
2242805402;41.1506;-8.610244;-0.1502771;0.7182136
2242805783;41.14959;-8.610413;-0.15028;0.7181959
2242805785;41.14968;-8.611089;-0.1502918;0.7181973
2243071720;41.14611;-8.607083;-0.1502219;0.7181352
2243316041;41.14677;-8.607944;-0.1502369;0.7181466
2243316074;41.14673;-8.607773;-0.150234;0.718146
2243316090;41.14685;-8.608046;-0.1502387;0.7181481
2243746971;41.14689;-8.608946;-0.1502544;0.7181488
2243746973;41.14679;-8.609035;-0.150256;0.718147
2243746975;41.14681;-8.609007;-0.1502555;0.7181473
2245353947;41.14703;-8.609588;-0.1502656;0.7181512
2245520803;41.14667;-8.611166;-0.1502932;0.7181449
2245520806;41.14605;-8.611462;-0.1502984;0.718134
2245520808;41.14622;-8.611272;-0.150295;0.718137
2245520814;41.1467;-8.611506;-0.1502991;0.7181454
2245520831;41.14677;-8.611229;-0.1502943;0.7181467
2245520840;41.14676;-8.611455;-0.1502982;0.7181465
2245520859;41.1468;-8.611346;-0.1502963;0.7181472
2245520867;41.14679;-8.611406;-0.1502974;0.718147
2245520886;41.1468;-8.611283;-0.1502952;0.7181471
2245520901;41.14626;-8.611587;-0.1503005;0.7181377
2245520905;41.14674;-8.611191;-0.1502936;0.718146
2245786927;41.14703;-8.611093;-0.1502919;0.7181511
2245786929;41.14697;-8.611155;-0.150293;0.71815
2245786936;41.14695;-8.611368;-0.1502967;0.7181498
2245786939;41.14699;-8.611405;-0.1502974;0.7181504
2245786941;41.14707;-8.611439;-0.150298;0.7181518
2245786942;41.14901;-8.610543;-0.1502823;0.7181857
2245786950;41.14693;-8.611317;-0.1502958;0.7181494
2245786951;41.14829;-8.610806;-0.1502869;0.7181732
2245786953;41.1491;-8.611189;-0.1502936;0.7181872
2245786960;41.14693;-8.611258;-0.1502948;0.7181494
2245786961;41.14694;-8.6112;-0.1502938;0.7181495
2245786974;41.14837;-8.611218;-0.1502941;0.7181745
2261413154;41.14972;-8.611246;-0.1502946;0.7181981
2261413157;41.14957;-8.610239;-0.150277;0.7181954
2270441288;41.14423;-8.611402;-0.1502973;0.7181023
2270441289;41.14424;-8.611389;-0.1502971;0.7181024
2270441290;41.14426;-8.611227;-0.1502943;0.7181029
2270441291;41.14422;-8.611408;-0.1502974;0.7181021
2270441292;41.14408;-8.611419;-0.1502976;0.7180998
2270441293;41.14426;-8.611256;-0.1502948;0.7181028
2281079431;41.14236;-8.597207;-0.1500496;0.7180697
2281082829;41.14214;-8.596916;-0.1500445;0.7180659
2293611903;41.14785;-8.60775;-0.1502336;0.7181655
2299622371;41.14333;-8.600036;-0.1500989;0.7180865
2300816483;41.1438;-8.600653;-0.1501097;0.7180948
2300816485;41.14462;-8.601298;-0.150121;0.718109
2300816486;41.1438;-8.60075;-0.1501114;0.7180947
2300816488;41.14373;-8.601063;-0.1501169;0.7180936
2300816490;41.1447;-8.600602;-0.1501088;0.7181104
2300817701;41.14459;-8.601512;-0.1501247;0.7181085
2300817703;41.14378;-8.601298;-0.150121;0.7180944
2300828592;41.1437;-8.601254;-0.1501202;0.718093
2300853343;41.14378;-8.600843;-0.150113;0.7180944
2300891367;41.14461;-8.601397;-0.1501227;0.7181089
2300962524;41.14508;-8.601493;-0.1501244;0.7181171
2301095515;41.14515;-8.602936;-0.1501496;0.7181183
2301095522;41.14543;-8.603104;-0.1501525;0.7181232
2301095524;41.14541;-8.603026;-0.1501511;0.7181228
2301107045;41.14542;-8.601516;-0.1501248;0.7181231
2301107048;41.14534;-8.601511;-0.1501247;0.7181216
2307175467;41.14532;-8.604273;-0.1501729;0.7181213
2307191876;41.14541;-8.604677;-0.15018;0.7181228
2307214692;41.14607;-8.603267;-0.1501553;0.7181343
2307219718;41.14572;-8.601866;-0.1501309;0.7181283
2307219720;41.14574;-8.601856;-0.1501307;0.7181286
2307219723;41.14568;-8.601612;-0.1501265;0.7181275
2307219724;41.14569;-8.601822;-0.1501301;0.7181278
2307219725;41.14569;-8.6018;-0.1501297;0.7181278
2307219726;41.14558;-8.601723;-0.1501284;0.7181259
2307219728;41.14571;-8.601834;-0.1501303;0.718128
2307219729;41.14567;-8.601909;-0.1501316;0.7181274
2307219730;41.14565;-8.601697;-0.1501279;0.7181271
2307219734;41.14569;-8.601888;-0.1501313;0.7181278
2307219736;41.14564;-8.60197;-0.1501327;0.7181268
2307219738;41.14563;-8.601773;-0.1501293;0.7181268
2307219739;41.1457;-8.601694;-0.1501279;0.718128
2307219740;41.14565;-8.601934;-0.1501321;0.7181271
2307219741;41.14563;-8.601853;-0.1501307;0.7181267
2307219742;41.14572;-8.601846;-0.1501305;0.7181283
2307219747;41.14564;-8.601949;-0.1501323;0.7181269
2307242183;41.14637;-8.60369;-0.1501627;0.7181397
2307242186;41.14637;-8.603681;-0.1501625;0.7181396
2307242217;41.14637;-8.603519;-0.1501597;0.7181397
2307242237;41.14651;-8.603746;-0.1501637;0.7181422
2307244299;41.14618;-8.604379;-0.1501747;0.7181363
2307244300;41.14618;-8.604278;-0.150173;0.7181363
2307244303;41.14613;-8.603573;-0.1501607;0.7181354
2307244307;41.14621;-8.60431;-0.1501735;0.7181368
2307249887;41.14634;-8.604328;-0.1501739;0.7181391
2308839816;41.14702;-8.601932;-0.150132;0.718151
2308839857;41.14713;-8.601938;-0.1501321;0.7181529
2308862114;41.14733;-8.601644;-0.150127;0.7181563
2308862117;41.14697;-8.602176;-0.1501363;0.7181501
2308862124;41.14719;-8.602211;-0.1501369;0.7181539
2308862129;41.14717;-8.602145;-0.1501358;0.7181537
2308862131;41.14713;-8.601857;-0.1501307;0.7181529
2319991795;41.14519;-8.61076;-0.1502861;0.718119
2319991800;41.14523;-8.610729;-0.1502856;0.7181198
2319991804;41.14575;-8.610682;-0.1502848;0.7181288
2322744381;41.14781;-8.604678;-0.15018;0.7181647
2322744388;41.1474;-8.604781;-0.1501818;0.7181576
2322744390;41.14734;-8.604781;-0.1501818;0.7181566
2322744393;41.14763;-8.604724;-0.1501808;0.7181616
2322744397;41.14722;-8.604867;-0.1501833;0.7181545
2322744401;41.14785;-8.604664;-0.1501797;0.7181654
2322744404;41.1477;-8.604708;-0.1501805;0.7181628
2322744417;41.14775;-8.604694;-0.1501803;0.7181637
2325018379;41.14397;-8.607579;-0.1502306;0.7180977
2325018383;41.14392;-8.607605;-0.150231;0.718097
2325018389;41.14382;-8.607677;-0.1502323;0.7180951
2325018399;41.1441;-8.60749;-0.150229;0.7181001
2325018420;41.14387;-8.607641;-0.1502317;0.718096
2325018422;41.14406;-8.607516;-0.1502295;0.7180994
2325018426;41.14402;-8.607547;-0.15023;0.7180986
2335399819;41.14646;-8.604161;-0.1501709;0.7181411
2335416031;41.14755;-8.607907;-0.1502363;0.7181602
2335432904;41.14741;-8.606658;-0.1502145;0.7181578
2335762665;41.14802;-8.609168;-0.1502583;0.7181684
2337036559;41.14741;-8.608712;-0.1502504;0.7181578
2337036560;41.14747;-8.609181;-0.1502586;0.7181588
2337036563;41.14741;-8.608851;-0.1502528;0.7181578
2343359235;41.14882;-8.610624;-0.1502837;0.7181824
2343359244;41.14861;-8.610702;-0.1502851;0.7181787
2352569132;41.14713;-8.603903;-0.1501664;0.7181529
2352569141;41.14711;-8.60387;-0.1501659;0.7181525
2352569156;41.14713;-8.603885;-0.1501661;0.7181528
2352569158;41.14713;-8.603928;-0.1501669;0.7181529
2352571058;41.14731;-8.603947;-0.1501672;0.7181561
2352571059;41.14731;-8.603921;-0.1501667;0.7181561
2352571061;41.14732;-8.603905;-0.1501665;0.7181562
2352571062;41.14734;-8.603892;-0.1501662;0.7181565
2352603829;41.14876;-8.607862;-0.1502355;0.7181814
2352603831;41.14854;-8.608081;-0.1502393;0.7181774
2352603833;41.14857;-8.608109;-0.1502399;0.718178
2352603847;41.14865;-8.60817;-0.1502409;0.7181795
2352607507;41.14882;-8.608186;-0.1502412;0.7181824
2352628868;41.14465;-8.608437;-0.1502456;0.7181096
2352867945;41.14823;-8.609005;-0.1502555;0.7181721
2352867947;41.14817;-8.608868;-0.1502531;0.7181711
2352867950;41.14851;-8.609118;-0.1502575;0.7181769
2352867951;41.14827;-8.609056;-0.1502564;0.7181728
2352867953;41.14814;-8.608718;-0.1502505;0.7181706
2354158012;41.14687;-8.610964;-0.1502897;0.7181484
2354378407;41.1479;-8.611383;-0.150297;0.7181663
2356692360;41.14437;-8.611747;-0.1503033;0.7181047
2356731134;41.14492;-8.610846;-0.1502876;0.7181144
2356731137;41.14501;-8.61092;-0.1502889;0.7181159
2365186271;41.14972;-8.611195;-0.1502937;0.7181982
2365191005;41.14983;-8.611227;-0.1502943;0.7182
2365195076;41.14967;-8.610345;-0.1502789;0.7181972
2365195081;41.14928;-8.61114;-0.1502928;0.7181904
2365195083;41.1498;-8.611095;-0.150292;0.7181994
2365195087;41.14931;-8.611151;-0.1502929;0.718191
2365195091;41.14971;-8.611113;-0.1502923;0.7181979
2365195094;41.14975;-8.610377;-0.1502794;0.7181985
2365195098;41.14973;-8.611217;-0.1502941;0.7181982
2365195102;41.1493;-8.611148;-0.1502929;0.7181907
2365195104;41.14974;-8.611233;-0.1502944;0.7181985
2365195106;41.14982;-8.611054;-0.1502912;0.7181999
2366079031;41.1496;-8.610404;-0.1502799;0.7181961
2366079032;41.14922;-8.610499;-0.1502816;0.7181893
2366079039;41.14921;-8.610518;-0.1502819;0.7181892
2366079045;41.14962;-8.610278;-0.1502777;0.7181963
2366079047;41.14923;-8.610477;-0.1502812;0.7181897
2366079049;41.14922;-8.610487;-0.1502814;0.7181894
2366079051;41.14963;-8.610246;-0.1502771;0.7181965
2366079052;41.14973;-8.610207;-0.1502765;0.7181983
2366098060;41.14938;-8.609517;-0.1502644;0.7181921
2366098499;41.14914;-8.609231;-0.1502594;0.718188
2366154008;41.14944;-8.609524;-0.1502645;0.7181932
2366154009;41.1494;-8.609571;-0.1502654;0.7181926
2366154010;41.14942;-8.609534;-0.1502647;0.7181929
2366154016;41.14947;-8.609518;-0.1502644;0.7181938
2366154017;41.14941;-8.60955;-0.150265;0.7181927
2366154037;41.1494;-8.609622;-0.1502662;0.7181925
2366154047;41.14982;-8.609494;-0.150264;0.7181999
2367470972;41.14884;-8.607824;-0.1502349;0.7181827
2375515995;41.14908;-8.605069;-0.1501868;0.7181869
2375516005;41.1491;-8.605026;-0.150186;0.7181873
2375516006;41.14909;-8.605052;-0.1501865;0.7181872
2375516010;41.14906;-8.605081;-0.150187;0.7181865
2375767339;41.14945;-8.604576;-0.1501782;0.7181934
2375767340;41.14796;-8.604942;-0.1501846;0.7181675
2375767343;41.14887;-8.604649;-0.1501794;0.7181833
2375767345;41.1493;-8.604591;-0.1501784;0.7181908
2375767346;41.14946;-8.604607;-0.1501787;0.7181935
2375767348;41.14851;-8.604723;-0.1501807;0.718177
2375767350;41.14857;-8.604764;-0.1501815;0.718178
2375798737;41.14838;-8.606313;-0.1502085;0.7181746
2375804624;41.14793;-8.604958;-0.1501848;0.7181668
2399723033;41.14569;-8.610651;-0.1502842;0.7181278
2473711658;41.14791;-8.607716;-0.150233;0.7181665
2585565426;41.14452;-8.601493;-0.1501244;0.7181073
2681412871;41.14419;-8.607504;-0.1502293;0.7181016
2681639971;41.14369;-8.601205;-0.1501193;0.7180928
2721972082;41.1452;-8.610455;-0.1502808;0.7181192
2721972084;41.14587;-8.60987;-0.1502706;0.7181309
2721972096;41.14514;-8.610084;-0.1502743;0.7181182
2721972098;41.14508;-8.609587;-0.1502656;0.7181171
2740798807;41.1482;-8.608279;-0.1502428;0.7181716
2829209747;41.1497;-8.605398;-0.1501925;0.7181977
2893310955;41.15061;-8.610867;-0.150288;0.7182136
2896411045;41.15039;-8.610858;-0.1502878;0.7182097
2896411050;41.15033;-8.610352;-0.150279;0.7182088
2904530087;41.15052;-8.610303;-0.1502781;0.7182121
2912188486;41.1526;-8.608074;-0.1502392;0.7182484
2912188490;41.15258;-8.608122;-0.1502401;0.718248
2912188492;41.1526;-8.6081;-0.1502397;0.7182483
2912188495;41.1526;-8.608023;-0.1502383;0.7182484
2912188496;41.15252;-8.608143;-0.1502404;0.718247
2925345692;41.14575;-8.605124;-0.1501877;0.7181289
2925398536;41.14502;-8.606352;-0.1502092;0.718116
2925430330;41.1456;-8.60539;-0.1501924;0.7181262
2925430342;41.14531;-8.605759;-0.1501988;0.7181212
2925471785;41.14719;-8.608073;-0.1502392;0.718154
2926953947;41.14951;-8.604582;-0.1501783;0.7181944
2926953948;41.14952;-8.604612;-0.1501788;0.7181945
2926981534;41.14442;-8.608813;-0.1502521;0.7181057
2926981543;41.14447;-8.608737;-0.1502508;0.7181064
2926993939;41.14416;-8.607903;-0.1502363;0.718101
2926993940;41.14361;-8.608474;-0.1502462;0.7180915
2927034198;41.14447;-8.60951;-0.1502643;0.7181064
2927035102;41.14487;-8.609492;-0.150264;0.7181135
2927035103;41.14478;-8.609476;-0.1502637;0.7181118
2927035105;41.14489;-8.609505;-0.1502642;0.7181138
2927035109;41.14442;-8.609531;-0.1502647;0.7181057
2927035117;41.14381;-8.610172;-0.1502759;0.718095
2927035119;41.14366;-8.610282;-0.1502778;0.7180923
2927035126;41.14386;-8.610128;-0.1502751;0.7180959
2927035131;41.14485;-8.609482;-0.1502638;0.7181131
2927055762;41.14587;-8.609981;-0.1502725;0.7181309
2927055765;41.14569;-8.608001;-0.150238;0.7181278
2927055770;41.14595;-8.609627;-0.1502663;0.7181323
2927055777;41.14598;-8.609428;-0.1502629;0.7181328
2927055779;41.14588;-8.610009;-0.150273;0.7181311
2927055780;41.14598;-8.609241;-0.1502596;0.7181329
2927055788;41.14581;-8.608454;-0.1502459;0.7181298
2927055789;41.14583;-8.608662;-0.1502495;0.7181302
2927287349;41.14611;-8.603059;-0.1501517;0.7181351
2934456326;41.14762;-8.609415;-0.1502626;0.7181615
2937870609;41.15104;-8.608534;-0.1502473;0.7182212
2937870610;41.15219;-8.608196;-0.1502414;0.7182412
2937936475;41.14908;-8.609478;-0.1502637;0.7181869
2978059158;41.14959;-8.604697;-0.1501803;0.7181957
2978059160;41.14953;-8.604685;-0.1501801;0.7181948
2978059161;41.14954;-8.604716;-0.1501806;0.718195
2978059162;41.14958;-8.604667;-0.1501798;0.7181956
3092601790;41.14509;-8.6109;-0.1502886;0.7181172
3092601795;41.14579;-8.610826;-0.1502873;0.7181295
3092601796;41.14505;-8.611023;-0.1502907;0.7181166
3092618005;41.14733;-8.608693;-0.15025;0.7181564
3092618006;41.14738;-8.608709;-0.1502503;0.7181572
3130311623;41.14529;-8.610885;-0.1502883;0.7181208
3130311626;41.14802;-8.611263;-0.1502949;0.7181684
3130311627;41.14999;-8.611138;-0.1502927;0.7182028
3130312329;41.15044;-8.610847;-0.1502876;0.7182108
3130312331;41.14774;-8.610944;-0.1502893;0.7181636
3130312332;41.14922;-8.610629;-0.1502838;0.7181894
3130312334;41.14931;-8.611385;-0.150297;0.7181909
3130312336;41.14927;-8.61103;-0.1502908;0.7181902
3130312338;41.14916;-8.610279;-0.1502777;0.7181883
3130312339;41.14684;-8.611129;-0.1502925;0.7181479
3130312340;41.1499;-8.610236;-0.150277;0.7182013
3130312343;41.14688;-8.611476;-0.1502986;0.7181486
3130312345;41.14917;-8.610123;-0.150275;0.7181885
3130312347;41.14586;-8.610813;-0.150287;0.7181308
3385332312;41.14177;-8.596395;-0.1500354;0.7180592
3385332319;41.14269;-8.597649;-0.1500573;0.7180755
3385332321;41.14283;-8.600443;-0.150106;0.7180779
3385332330;41.14326;-8.598434;-0.150071;0.7180853
3385332333;41.14337;-8.598587;-0.1500736;0.7180873
3385332335;41.14339;-8.60073;-0.150111;0.7180877
3385332336;41.14341;-8.599973;-0.1500978;0.718088
3385332337;41.14341;-8.598651;-0.1500748;0.718088
3385332346;41.14498;-8.600865;-0.1501134;0.7181153
3385332347;41.14504;-8.600951;-0.1501149;0.7181164
3387597062;41.14327;-8.60848;-0.1502463;0.7180855
3387597064;41.14334;-8.608639;-0.1502491;0.7180867
3387597065;41.14337;-8.608658;-0.1502494;0.7180873
3387597068;41.14341;-8.608667;-0.1502496;0.7180879
3387597072;41.14363;-8.608087;-0.1502395;0.7180918
3387597074;41.14372;-8.607986;-0.1502377;0.7180934
3387597076;41.14382;-8.607907;-0.1502363;0.7180952
3387597081;41.14402;-8.609858;-0.1502704;0.7180987
3387597091;41.14421;-8.607574;-0.1502305;0.718102
3387597799;41.1444;-8.609528;-0.1502646;0.7181053
3387597811;41.14497;-8.610932;-0.1502891;0.7181152
3387597817;41.14552;-8.603137;-0.1501531;0.7181247
3387597853;41.1493;-8.604561;-0.1501779;0.7181907
3387931894;41.14721;-8.601947;-0.1501323;0.7181544
3388020783;41.14676;-8.61023;-0.1502769;0.7181464
3392939433;41.14568;-8.607286;-0.1502255;0.7181276
3392939434;41.14715;-8.602024;-0.1501336;0.7181532
3392939435;41.14722;-8.608062;-0.150239;0.7181544
3392939436;41.14727;-8.608047;-0.1502388;0.7181553
3392939437;41.14742;-8.608905;-0.1502537;0.7181579
3392939443;41.14782;-8.604674;-0.1501799;0.7181649
3392939450;41.14796;-8.604946;-0.1501846;0.7181673
3392939452;41.14818;-8.608232;-0.150242;0.7181712
3392939453;41.14819;-8.609408;-0.1502625;0.7181713
3392939454;41.14822;-8.609408;-0.1502625;0.7181719
3392939455;41.1485;-8.607999;-0.1502379;0.7181768
3392939456;41.14853;-8.608058;-0.150239;0.7181773
3392939458;41.14883;-8.608188;-0.1502412;0.7181825
3392939459;41.14885;-8.60819;-0.1502413;0.7181829
3392939460;41.14893;-8.608454;-0.1502459;0.7181842
3392939461;41.14911;-8.609484;-0.1502638;0.7181875
3392939462;41.14916;-8.609491;-0.150264;0.7181883
3392939463;41.1492;-8.609497;-0.1502641;0.7181891
3392939464;41.14947;-8.604578;-0.1501782;0.7181937
3392939465;41.14948;-8.604609;-0.1501787;0.7181938
3392939466;41.14957;-8.604671;-0.1501798;0.7181954
3392939467;41.14957;-8.604701;-0.1501804;0.7181956
3392939470;41.1501;-8.609434;-0.150263;0.7182047
3392939485;41.15109;-8.608511;-0.1502469;0.718222
3397147923;41.14371;-8.610471;-0.1502811;0.7180932
3398246695;41.15013;-8.598465;-0.1500715;0.7182052
3400530627;41.14618;-8.611281;-0.1502952;0.7181363
3554720399;41.14474;-8.611463;-0.1502984;0.7181113
3554720401;41.14527;-8.610727;-0.1502855;0.7181204
3554720402;41.14536;-8.610713;-0.1502853;0.7181219
3554720409;41.14541;-8.610722;-0.1502854;0.7181229
3554720414;41.14569;-8.610684;-0.1502848;0.7181278
3554720418;41.14572;-8.610665;-0.1502845;0.7181283
3554720424;41.14604;-8.611633;-0.1503014;0.7181339
3554720425;41.14605;-8.611308;-0.1502957;0.7181341
3554720428;41.14645;-8.611217;-0.1502941;0.7181411
3554720432;41.1466;-8.609742;-0.1502683;0.7181437
3554720440;41.14681;-8.611135;-0.1502927;0.7181473
3554720444;41.14771;-8.610193;-0.1502762;0.718163
3554720445;41.14772;-8.610202;-0.1502764;0.7181633
3554720446;41.14774;-8.610397;-0.1502798;0.7181636
3554720447;41.14774;-8.610209;-0.1502765;0.7181636
3554720448;41.14776;-8.610373;-0.1502794;0.7181638
3554720449;41.14777;-8.610352;-0.150279;0.7181641
3563651993;41.15055;-8.600636;-0.1501094;0.7182126
3563651998;41.15076;-8.600191;-0.1501016;0.7182162
3688665649;41.14952;-8.603235;-0.1501548;0.7181946
3688675380;41.14997;-8.603406;-0.1501578;0.7182025
3688675381;41.14949;-8.603229;-0.1501547;0.7181942
3688675382;41.14948;-8.603265;-0.1501553;0.7181939
3688675383;41.14951;-8.603273;-0.1501554;0.7181945
3688675387;41.14989;-8.60338;-0.1501573;0.718201
3688730540;41.14943;-8.604209;-0.1501718;0.7181929
3688730541;41.14937;-8.604007;-0.1501682;0.718192
3690516791;41.15022;-8.604187;-0.1501714;0.7182069
3690635855;41.15062;-8.60882;-0.1502523;0.7182138
3690885655;41.14748;-8.60754;-0.1502299;0.718159
3690885656;41.14755;-8.607938;-0.1502369;0.7181603
3690885657;41.14745;-8.60755;-0.1502301;0.7181584
3690885658;41.14751;-8.607852;-0.1502354;0.7181595
3690887009;41.1479;-8.607682;-0.1502324;0.7181664
3690910080;41.14814;-8.607533;-0.1502298;0.7181706
3690910082;41.14816;-8.607565;-0.1502303;0.7181709
3692670689;41.14872;-8.608182;-0.1502411;0.7181807
3694518900;41.15007;-8.60944;-0.1502631;0.7182043
3695911150;41.14986;-8.606132;-0.1502053;0.7182006
3696295126;41.14889;-8.604577;-0.1501782;0.7181836
3696366131;41.14896;-8.60508;-0.150187;0.7181849
3696366132;41.1491;-8.604572;-0.1501781;0.7181873
3696366133;41.14895;-8.60461;-0.1501788;0.7181847
3696366134;41.14894;-8.604671;-0.1501798;0.7181845
3696366135;41.14893;-8.605007;-0.1501857;0.7181842
3696366136;41.14911;-8.604596;-0.1501785;0.7181875
3696366137;41.14908;-8.604554;-0.1501778;0.718187
3696366138;41.14898;-8.604569;-0.1501781;0.7181851
3696366139;41.14894;-8.605066;-0.1501867;0.7181845
3696366140;41.14893;-8.605037;-0.1501862;0.7181843
3696366141;41.14906;-8.604548;-0.1501777;0.7181866
3697722647;41.1493;-8.604094;-0.1501698;0.7181908
3698039525;41.14807;-8.60312;-0.1501528;0.7181693
3698039526;41.14811;-8.602916;-0.1501492;0.71817
3698039528;41.14806;-8.603186;-0.1501539;0.7181692
3698039529;41.14812;-8.602856;-0.1501482;0.7181703
3698101866;41.14832;-8.603997;-0.1501681;0.7181736
3698101867;41.14835;-8.603772;-0.1501642;0.7181743
3698101868;41.14833;-8.60393;-0.1501669;0.7181738
3698157313;41.14885;-8.603127;-0.1501529;0.7181829
3698157314;41.14883;-8.603392;-0.1501575;0.7181826
3698157315;41.14884;-8.603312;-0.1501561;0.7181827
3698157316;41.14885;-8.603067;-0.1501518;0.718183
3698158381;41.14881;-8.603747;-0.1501637;0.7181821
3698158383;41.14878;-8.604045;-0.1501689;0.7181817
3698158385;41.14879;-8.60397;-0.1501676;0.7181819
3698158386;41.14881;-8.603797;-0.1501646;0.7181821
3699236931;41.14735;-8.602626;-0.1501441;0.7181568
3699236947;41.14905;-8.603124;-0.1501528;0.7181864
3705812400;41.14565;-8.601657;-0.1501272;0.7181271
3705812401;41.14562;-8.601685;-0.1501277;0.7181266
3705812402;41.1456;-8.601692;-0.1501278;0.7181262
3705812403;41.14556;-8.601689;-0.1501278;0.7181255
3705812404;41.14569;-8.601651;-0.1501271;0.7181278
3705812405;41.14561;-8.601789;-0.1501295;0.7181265
3705812406;41.1456;-8.601757;-0.150129;0.7181262
3891282147;41.1454;-8.610693;-0.1502849;0.7181227
3891282331;41.14699;-8.606639;-0.1502142;0.7181504
3891282335;41.14731;-8.608089;-0.1502395;0.7181561
3891282336;41.14735;-8.608068;-0.1502391;0.7181567
3891282342;41.14814;-8.606398;-0.15021;0.7181705
3891282347;41.14822;-8.607525;-0.1502296;0.718172
3891282353;41.1483;-8.606272;-0.1502078;0.7181733
3891282355;41.14833;-8.606394;-0.1502099;0.7181739
3950967578;41.14826;-8.598613;-0.1500741;0.7181727
3950967581;41.14831;-8.598475;-0.1500717;0.7181735
3950967585;41.14845;-8.598604;-0.150074;0.7181759
3950967587;41.14843;-8.598237;-0.1500676;0.7181755
3950967588;41.14855;-8.598335;-0.1500693;0.7181777
3950967592;41.14899;-8.598713;-0.1500759;0.7181854
3978884718;41.14669;-8.609861;-0.1502704;0.7181453
3992982895;41.14676;-8.609318;-0.1502609;0.7181464
3992982896;41.14666;-8.609307;-0.1502608;0.7181446
3992990333;41.14613;-8.610311;-0.1502783;0.7181354
3992990334;41.14621;-8.610363;-0.1502792;0.7181368
3992990337;41.14614;-8.610325;-0.1502785;0.7181357
3993021523;41.14656;-8.608349;-0.150244;0.718143
3993021524;41.14682;-8.608357;-0.1502442;0.7181475
3993117787;41.14674;-8.609715;-0.1502679;0.7181461
3993117788;41.14663;-8.6097;-0.1502676;0.7181442
3993117789;41.14671;-8.609715;-0.1502679;0.7181455
3993126224;41.14756;-8.609426;-0.1502628;0.7181603
3993126454;41.14724;-8.607942;-0.1502369;0.7181548
3993126557;41.14729;-8.60872;-0.1502505;0.7181556
3996636592;41.14972;-8.605804;-0.1501996;0.7181982
4025482697;41.14592;-8.609897;-0.150271;0.7181317
4025528390;41.14602;-8.610677;-0.1502847;0.7181336
4025528392;41.14595;-8.610741;-0.1502858;0.7181323
4025528393;41.14594;-8.61058;-0.150283;0.7181321
4025528394;41.14599;-8.610709;-0.1502852;0.718133
4025528395;41.14605;-8.61065;-0.1502842;0.718134
4027068552;41.14478;-8.607797;-0.1502344;0.7181119
4027068570;41.14474;-8.607617;-0.1502313;0.7181112
4027074709;41.14544;-8.607572;-0.1502305;0.7181234
4027091849;41.14602;-8.610869;-0.150288;0.7181335
4097873915;41.14479;-8.609971;-0.1502723;0.7181121
4097873916;41.14479;-8.609969;-0.1502723;0.7181121
4097873917;41.14479;-8.609971;-0.1502723;0.7181121
4097873918;41.1448;-8.609972;-0.1502724;0.7181122
4097873919;41.1448;-8.609973;-0.1502724;0.7181122
4097873920;41.1448;-8.609906;-0.1502712;0.7181123
4097873925;41.1459;-8.61007;-0.1502741;0.7181314
4097873927;41.14659;-8.609763;-0.1502687;0.7181435
4097873928;41.14663;-8.609796;-0.1502693;0.7181441
4097873929;41.14663;-8.609709;-0.1502678;0.7181441
4097873935;41.14677;-8.608394;-0.1502448;0.7181466
4097873936;41.14679;-8.608356;-0.1502442;0.7181469
4097873944;41.1475;-8.609367;-0.1502618;0.7181594
4097873947;41.14745;-8.609446;-0.1502632;0.7181585
4097873948;41.14759;-8.609416;-0.1502627;0.718161
4097873954;41.14804;-8.609344;-0.1502614;0.7181688
4356494320;41.15091;-8.603673;-0.1501624;0.7182188
4356494322;41.15094;-8.602225;-0.1501372;0.7182194
4356494324;41.14977;-8.605692;-0.1501977;0.7181989
4356494325;41.14919;-8.603117;-0.1501527;0.7181888
4356494331;41.14998;-8.60724;-0.1502247;0.7182027
4356494332;41.14862;-8.607043;-0.1502212;0.7181789
4356494333;41.14928;-8.603197;-0.1501541;0.7181904
4452315907;41.14814;-8.600971;-0.1501153;0.7181705
4452315908;41.14754;-8.600616;-0.1501091;0.7181601
4452315909;41.14783;-8.601976;-0.1501328;0.718165
4452315911;41.14875;-8.600926;-0.1501145;0.7181813
4452315915;41.14762;-8.601972;-0.1501327;0.7181615
4464111623;41.1474;-8.599884;-0.1500963;0.7181576
4464130475;41.15054;-8.597984;-0.1500631;0.7182123
4464130476;41.15051;-8.598038;-0.1500641;0.7182119
4488753662;41.1478;-8.608538;-0.1502473;0.7181647
4488753663;41.14618;-8.607112;-0.1502224;0.7181364
4488753666;41.14666;-8.601217;-0.1501196;0.7181446
4488753667;41.14727;-8.599941;-0.1500973;0.7181554
4488753668;41.14836;-8.598525;-0.1500726;0.7181744
4488753670;41.14836;-8.598478;-0.1500718;0.7181743
4488753671;41.14886;-8.598819;-0.1500777;0.7181832
4488753672;41.14901;-8.598931;-0.1500797;0.7181857
4488753673;41.14943;-8.59943;-0.1500884;0.7181931
4488753684;41.14909;-8.59878;-0.150077;0.7181872
4488753685;41.14912;-8.598842;-0.1500781;0.7181876
4488753686;41.14831;-8.598786;-0.1500771;0.7181735
4488753687;41.14787;-8.599674;-0.1500926;0.7181659
4488753688;41.14472;-8.601417;-0.150123;0.7181109
4492375365;41.15546;-8.59931;-0.1500863;0.7182982
4526972109;41.1468;-8.61132;-0.1502959;0.7181472
4526972112;41.14693;-8.611293;-0.1502954;0.7181494
4526972116;41.14786;-8.611102;-0.1502921;0.7181656
4526972121;41.14749;-8.608598;-0.1502484;0.7181591
4529952474;41.14985;-8.606417;-0.1502103;0.7182003
4529952477;41.14981;-8.605873;-0.1502008;0.7181996
4529952483;41.14873;-8.60775;-0.1502336;0.7181808
4529952486;41.1488;-8.60799;-0.1502378;0.718182
4529953489;41.1487;-8.607892;-0.1502361;0.7181804
4529953492;41.14856;-8.607201;-0.150224;0.7181779
4529953494;41.14774;-8.603941;-0.1501671;0.7181635
4529953496;41.14766;-8.604028;-0.1501686;0.7181622
4529953499;41.14758;-8.603925;-0.1501668;0.7181608
4529953502;41.14732;-8.602737;-0.1501461;0.7181562
4529953513;41.14638;-8.602066;-0.1501344;0.7181398
4529953516;41.14645;-8.601843;-0.1501305;0.718141
4529953519;41.14632;-8.601903;-0.1501315;0.7181388
4529953524;41.14614;-8.604388;-0.1501749;0.7181357
4529953527;41.1465;-8.604341;-0.1501741;0.7181419
4529953529;41.1466;-8.603827;-0.1501651;0.7181436
4529953530;41.14656;-8.603726;-0.1501634;0.718143
4529953533;41.14676;-8.605625;-0.1501965;0.7181464
4529953537;41.14705;-8.60691;-0.1502189;0.7181515
4529953538;41.14701;-8.606758;-0.1502163;0.7181509
4529953547;41.1461;-8.610181;-0.150276;0.7181349
4529953552;41.14606;-8.610796;-0.1502867;0.7181343
4552662441;41.14363;-8.61088;-0.1502882;0.7180918
4591119711;41.14829;-8.598545;-0.1500729;0.7181731
4591119712;41.14823;-8.598773;-0.1500769;0.7181721
4591119713;41.1482;-8.598783;-0.1500771;0.7181715
4591119714;41.14708;-8.598812;-0.1500776;0.7181521
4591119715;41.14674;-8.597707;-0.1500583;0.7181461
4591119717;41.14727;-8.599808;-0.150095;0.7181554
4608380289;41.14336;-8.600758;-0.1501115;0.7180871
4608517632;41.14439;-8.602215;-0.150137;0.7181051
4608517633;41.14446;-8.601896;-0.1501314;0.7181063
4608517634;41.1444;-8.601872;-0.150131;0.7181053
4608517635;41.14452;-8.601912;-0.1501317;0.7181073
4608517637;41.1445;-8.601541;-0.1501252;0.718107
4608517638;41.14447;-8.60225;-0.1501376;0.7181066
4608623069;41.14543;-8.603136;-0.1501531;0.7181233
4608623070;41.14543;-8.603236;-0.1501548;0.7181233
4608841798;41.14384;-8.601089;-0.1501173;0.7180955
4608872417;41.14409;-8.600911;-0.1501142;0.7180998
4608872425;41.14394;-8.601113;-0.1501177;0.7180972
4608872427;41.14406;-8.601075;-0.1501171;0.7180994
4608872430;41.14432;-8.601155;-0.1501185;0.7181038
4608872436;41.14434;-8.60116;-0.1501186;0.7181041
4608872437;41.14433;-8.601158;-0.1501185;0.718104
4608872439;41.14435;-8.600908;-0.1501142;0.7181044
4608872441;41.1441;-8.600848;-0.1501131;0.7181
4608872448;41.14433;-8.601108;-0.1501177;0.7181039
4608872449;41.14431;-8.601171;-0.1501188;0.7181038
4608872450;41.14434;-8.600969;-0.1501152;0.7181043
4608872451;41.14432;-8.601136;-0.1501181;0.7181039
4608872453;41.14434;-8.600964;-0.1501151;0.7181043
4608872454;41.14434;-8.601008;-0.1501159;0.7181041
4608872457;41.14431;-8.601213;-0.1501195;0.7181036
4608875738;41.14451;-8.601204;-0.1501193;0.7181072
4608875739;41.14434;-8.60118;-0.1501189;0.7181041
4608875743;41.14434;-8.601183;-0.150119;0.7181043
4608875752;41.14452;-8.601208;-0.1501194;0.7181074
4608887034;41.14469;-8.600692;-0.1501104;0.7181103
4608887035;41.14452;-8.601225;-0.1501197;0.7181074
4608887036;41.14452;-8.601272;-0.1501205;0.7181073
4608887037;41.14431;-8.601175;-0.1501188;0.7181038
4608887038;41.14442;-8.601201;-0.1501193;0.7181056
4608887039;41.1445;-8.601203;-0.1501193;0.718107
4608887040;41.14442;-8.601182;-0.1501189;0.7181057
4608887042;41.14453;-8.601226;-0.1501197;0.7181075
4608887043;41.14453;-8.601209;-0.1501194;0.7181075
4608887044;41.14454;-8.600954;-0.150115;0.7181077
4608887045;41.14468;-8.600799;-0.1501123;0.7181101
4610770358;41.14391;-8.600647;-0.1501096;0.7180967
4614795578;41.14486;-8.604557;-0.1501779;0.7181133
4614795579;41.14484;-8.604486;-0.1501766;0.718113
4614795580;41.14481;-8.604342;-0.1501741;0.7181124
4614805773;41.14488;-8.60447;-0.1501763;0.7181136
4614805774;41.1449;-8.604544;-0.1501776;0.718114
4614852047;41.14522;-8.604109;-0.15017;0.7181196
4614852048;41.1453;-8.604075;-0.1501694;0.7181209
4621647253;41.14432;-8.606226;-0.150207;0.7181039
4621647254;41.14436;-8.6062;-0.1502065;0.7181046
4621647257;41.14444;-8.606155;-0.1502057;0.7181059
4621647259;41.14425;-8.606267;-0.1502077;0.7181027
4621647261;41.14407;-8.606369;-0.1502095;0.7180995
4621647262;41.14429;-8.606241;-0.1502073;0.7181034
4621715682;41.14445;-8.606202;-0.1502066;0.7181062
4621715683;41.14438;-8.606249;-0.1502074;0.718105
4685615440;41.14439;-8.599311;-0.1500863;0.7181051
4708680384;41.14909;-8.599002;-0.1500809;0.7181871
4708680385;41.14909;-8.598956;-0.1500801;0.7181871
4708680386;41.14947;-8.599549;-0.1500905;0.7181938
4708680387;41.14942;-8.599732;-0.1500936;0.7181928
4708680388;41.14942;-8.599678;-0.1500927;0.7181928
4708680489;41.14942;-8.59962;-0.1500917;0.7181928
4708680490;41.14939;-8.599537;-0.1500902;0.7181924
4708680491;41.14933;-8.599427;-0.1500883;0.7181913
4708680492;41.14931;-8.599375;-0.1500874;0.718191
4708680493;41.14935;-8.599394;-0.1500877;0.7181916
4708680494;41.14941;-8.599435;-0.1500885;0.7181926
4708680495;41.14947;-8.599395;-0.1500878;0.7181937
4708680496;41.1495;-8.599423;-0.1500883;0.7181942
4708680497;41.14948;-8.599461;-0.1500889;0.7181939
4708680498;41.14945;-8.599738;-0.1500937;0.7181934
4708680499;41.14936;-8.599484;-0.1500893;0.7181919
4708680500;41.14941;-8.599578;-0.1500909;0.7181927
4720971819;41.15042;-8.600256;-0.1501028;0.7182104
4720971829;41.15022;-8.600298;-0.1501035;0.7182068
4720971830;41.14891;-8.601705;-0.1501281;0.7181841
4720971839;41.14801;-8.599261;-0.1500854;0.7181683
4720971840;41.14785;-8.599162;-0.1500837;0.7181655
4744083580;41.14426;-8.607391;-0.1502273;0.7181028
4751728017;41.15055;-8.600705;-0.1501106;0.7182126
4751728018;41.15055;-8.600671;-0.15011;0.7182127
4751728019;41.1525;-8.59987;-0.150096;0.7182466
4751729050;41.14916;-8.598755;-0.1500766;0.7181883
4751729051;41.14912;-8.598813;-0.1500776;0.7181877
4751729052;41.14913;-8.598772;-0.1500769;0.7181877
4751729053;41.14914;-8.598787;-0.1500771;0.718188
4751729054;41.14911;-8.598777;-0.150077;0.7181875
4751729055;41.14908;-8.598778;-0.150077;0.7181869
4751729056;41.14911;-8.598871;-0.1500786;0.7181874
4751729057;41.14909;-8.59903;-0.1500814;0.7181872
4751729061;41.15025;-8.598299;-0.1500686;0.7182074
4751755887;41.14932;-8.599401;-0.1500879;0.7181911
4751755888;41.14942;-8.599756;-0.1500941;0.7181928
4751755889;41.14944;-8.599763;-0.1500942;0.7181932
4751755890;41.14837;-8.598617;-0.1500742;0.7181745
4751755891;41.14835;-8.598745;-0.1500764;0.7181742
4751755892;41.14685;-8.600461;-0.1501064;0.7181479
4751755893;41.14692;-8.600492;-0.1501069;0.7181493
4751755894;41.14689;-8.600475;-0.1501066;0.7181488
4751755895;41.14564;-8.601725;-0.1501284;0.7181269
4751755896;41.14563;-8.601907;-0.1501316;0.7181268
4751755897;41.14547;-8.60325;-0.150155;0.7181239
4751755898;41.1447;-8.606919;-0.1502191;0.7181104
4751755899;41.14472;-8.606959;-0.1502198;0.7181108
4751755900;41.14474;-8.607059;-0.1502215;0.7181112
4753766320;41.14972;-8.599028;-0.1500814;0.718198
4920992108;41.14585;-8.609532;-0.1502647;0.7181306
4921101771;41.1452;-8.610441;-0.1502806;0.7181192
4925189617;41.14542;-8.607402;-0.1502275;0.718123
4925285422;41.14462;-8.609811;-0.1502696;0.718109
4925285424;41.14464;-8.609809;-0.1502695;0.7181095
4925285425;41.14479;-8.609796;-0.1502693;0.718112
4925285428;41.14481;-8.609832;-0.1502699;0.7181123
4925285429;41.1447;-8.609804;-0.1502694;0.7181104
4925287122;41.14481;-8.609848;-0.1502702;0.7181124
4925287126;41.14481;-8.609846;-0.1502702;0.7181123
4925289575;41.14478;-8.610006;-0.150273;0.7181119
4925289578;41.14476;-8.610028;-0.1502733;0.7181116
4925289582;41.14478;-8.610031;-0.1502734;0.7181118
4925289583;41.14476;-8.610066;-0.150274;0.7181115
4925289584;41.14478;-8.610008;-0.150273;0.7181119
4925292786;41.14452;-8.609819;-0.1502697;0.7181073
4925310646;41.1448;-8.609888;-0.1502709;0.7181122
4925310647;41.14458;-8.609816;-0.1502696;0.7181084
4925310648;41.14459;-8.609881;-0.1502708;0.7181085
4925310649;41.14447;-8.609936;-0.1502717;0.7181064
4925310650;41.14445;-8.609827;-0.1502698;0.7181062
4925310651;41.14447;-8.609907;-0.1502712;0.7181064
4925310652;41.14477;-8.609881;-0.1502708;0.7181118
4925318282;41.14476;-8.609946;-0.1502719;0.7181115
4925318283;41.14447;-8.60994;-0.1502718;0.7181064
4925318284;41.14474;-8.610059;-0.1502739;0.7181113
4925318286;41.1446;-8.610019;-0.1502732;0.7181088
4925318289;41.14461;-8.609942;-0.1502718;0.718109
4925459189;41.14412;-8.610948;-0.1502894;0.7181004
4925459191;41.14369;-8.610855;-0.1502878;0.7180928
4925459192;41.14384;-8.610888;-0.1502883;0.7180955
4925459193;41.14418;-8.610619;-0.1502836;0.7181015
4945762789;41.14709;-8.610982;-0.15029;0.7181522
4945762790;41.14695;-8.611011;-0.1502905;0.7181497
5118553689;41.14606;-8.611118;-0.1502924;0.7181342
5118553691;41.14606;-8.610768;-0.1502863;0.7181343
5118553704;41.14558;-8.610667;-0.1502845;0.7181259
5118554430;41.14593;-8.610407;-0.15028;0.7181319
5175588788;41.14315;-8.608118;-0.15024;0.7180834
5279421915;41.14803;-8.598925;-0.1500795;0.7181686
5279422233;41.15175;-8.599995;-0.1500982;0.7182336
5279422236;41.14997;-8.602153;-0.1501359;0.7182025
5279422237;41.1506;-8.602197;-0.1501366;0.7182134
5279422238;41.14835;-8.602023;-0.1501336;0.7181743
5279422240;41.14713;-8.601909;-0.1501316;0.7181528
5279437692;41.14631;-8.596295;-0.1500337;0.7181385
5291885225;41.15002;-8.598607;-0.150074;0.7182034
5291885226;41.14837;-8.598545;-0.1500729;0.7181745
5291885227;41.14836;-8.598502;-0.1500722;0.7181743
5291885234;41.14713;-8.601881;-0.1501312;0.7181528
5291885235;41.14687;-8.60193;-0.150132;0.7181484
5305698011;41.14963;-8.598495;-0.1500721;0.7181965
5305837233;41.15047;-8.598112;-0.1500654;0.7182111
5320167751;41.14706;-8.606791;-0.1502168;0.7181517
5320177921;41.14492;-8.610948;-0.1502894;0.7181143
5327096257;41.14972;-8.605806;-0.1501997;0.7181981
5329531882;41.14854;-8.600656;-0.1501098;0.7181774
5476716943;41.14668;-8.60971;-0.1502678;0.718145
5476716944;41.14689;-8.609648;-0.1502667;0.7181488
5476716945;41.14695;-8.606834;-0.1502176;0.7181497
5476716947;41.14547;-8.607617;-0.1502313;0.7181239
5476716948;41.14544;-8.607483;-0.1502289;0.7181234
5476716949;41.14548;-8.607626;-0.1502314;0.718124
5476716951;41.14753;-8.609431;-0.1502629;0.7181598
5476716952;41.14816;-8.609409;-0.1502625;0.7181709
5476716953;41.14761;-8.609363;-0.1502617;0.7181613
5476716954;41.14752;-8.609366;-0.1502618;0.7181597
5476716955;41.14758;-8.609364;-0.1502617;0.7181608
5476716957;41.14811;-8.609381;-0.150262;0.71817
5476716964;41.14684;-8.61075;-0.1502859;0.7181478
