21734214;40.41662;-3.704273;-0.06465176;0.7054031
21734215;40.41667;-3.703278;-0.06463439;0.705404
21734217;40.41673;-3.702289;-0.06461713;0.705405
21734223;40.41651;-3.70505;-0.06466531;0.7054011
21734224;40.41642;-3.705769;-0.06467787;0.7053995
21734227;40.41573;-3.70523;-0.06466845;0.7053875
21734242;40.41528;-3.705513;-0.0646734;0.7053798
21734244;40.41626;-3.706985;-0.06469909;0.7053969
21734246;40.41685;-3.707385;-0.06470606;0.7054071
21734249;40.41615;-3.707913;-0.06471528;0.7053949
21734250;40.41613;-3.70802;-0.06471716;0.7053944
21734251;40.41642;-3.708406;-0.06472389;0.7053997
21734256;40.41599;-3.708577;-0.06472687;0.7053921
21734261;40.41475;-3.706359;-0.06468817;0.7053705
21734263;40.415;-3.705594;-0.06467481;0.7053748
21734264;40.41479;-3.705601;-0.06467494;0.7053713
21734266;40.41438;-3.706405;-0.06468897;0.7053639
21734267;40.41429;-3.707521;-0.06470845;0.7053624
21734269;40.41433;-3.707269;-0.06470405;0.7053631
21734270;40.41462;-3.707014;-0.06469959;0.7053682
21734271;40.41475;-3.707054;-0.0647003;0.7053704
21734272;40.41469;-3.7068;-0.06469587;0.7053694
21734275;40.4157;-3.704488;-0.06465551;0.7053871
21734277;40.41604;-3.704197;-0.06465043;0.705393
21734278;40.41569;-3.704192;-0.06465036;0.7053869
21734280;40.41529;-3.704167;-0.06464991;0.70538
21734281;40.41484;-3.704411;-0.06465416;0.705372
21734282;40.41496;-3.704955;-0.06466366;0.7053741
21734284;40.41613;-3.70325;-0.06463391;0.7053946
21734285;40.41584;-3.70324;-0.06463373;0.7053894
21734286;40.41525;-3.70322;-0.06463338;0.7053792
21734287;40.41457;-3.703356;-0.06463575;0.7053674
21734288;40.41473;-3.703967;-0.06464642;0.7053701
21734289;40.41438;-3.704132;-0.06464931;0.7053639
21734290;40.41401;-3.704548;-0.06465656;0.7053576
21734292;40.41418;-3.703567;-0.06463943;0.7053605
21734293;40.4141;-3.703324;-0.0646352;0.7053591
21734295;40.41515;-3.702327;-0.06461779;0.7053773
21734297;40.41393;-3.702839;-0.06462672;0.7053561
21734298;40.41496;-3.70256;-0.06462187;0.7053741
21734301;40.41564;-3.701667;-0.06460627;0.705386
21734308;40.41353;-3.701703;-0.0646069;0.7053492
21734309;40.41372;-3.702224;-0.06461599;0.7053524
21943059;40.41027;-3.702518;-0.06462112;0.7052922
21943148;40.41058;-3.702622;-0.06462294;0.7052976
21947369;40.412;-3.705376;-0.06467101;0.7053225
21947400;40.41224;-3.703954;-0.0646462;0.7053267
21947414;40.41176;-3.703661;-0.06464108;0.7053183
21947451;40.4114;-3.702917;-0.0646281;0.7053121
21947464;40.41186;-3.703093;-0.06463117;0.7053201
21951277;40.41152;-3.707248;-0.06470368;0.705314
21951310;40.41201;-3.707325;-0.06470502;0.7053226
21951334;40.41273;-3.707546;-0.06470887;0.7053351
21951362;40.41334;-3.707418;-0.06470665;0.7053459
21951386;40.41302;-3.706467;-0.06469005;0.7053403
21951394;40.4126;-3.705102;-0.06466623;0.7053329
21951400;40.41248;-3.703962;-0.06464633;0.7053309
21951406;40.4124;-3.703209;-0.06463318;0.7053294
21951413;40.41248;-3.703451;-0.06463741;0.7053309
21951420;40.41242;-3.702569;-0.06462202;0.7053298
21953728;40.41398;-3.705556;-0.06467416;0.7053571
21953783;40.41361;-3.707437;-0.06470698;0.7053506
21953805;40.41363;-3.707947;-0.06471589;0.7053509
21953859;40.41352;-3.70776;-0.06471261;0.705349
21953989;40.41372;-3.708244;-0.06472106;0.7053525
21954006;40.41453;-3.708029;-0.06471731;0.7053667
21954137;40.41531;-3.708455;-0.06472475;0.7053801
21954242;40.41377;-3.708674;-0.06472857;0.7053534
21956107;40.4128;-3.707524;-0.06470849;0.7053363
21968140;40.4166;-3.700391;-0.064584;0.7054028
21968192;40.41622;-3.700828;-0.06459163;0.7053961
21968197;40.41645;-3.700539;-0.06458659;0.7054002
21968336;40.41595;-3.701218;-0.06459844;0.7053913
25581180;40.41252;-3.707644;-0.06471059;0.7053316
25581187;40.4113;-3.70833;-0.06472256;0.7053102
26213236;40.41395;-3.708163;-0.06471966;0.7053565
26213238;40.41364;-3.707983;-0.06471651;0.7053511
26213241;40.41368;-3.708117;-0.06471884;0.7053519
26213243;40.41297;-3.708596;-0.06472722;0.7053394
26310476;40.41287;-3.700089;-0.06457874;0.7053376
26341187;40.41347;-3.701535;-0.06460396;0.7053481
26341193;40.41447;-3.703549;-0.06463913;0.7053656
26480865;40.41151;-3.710623;-0.06476259;0.7053139
26480866;40.41167;-3.710624;-0.0647626;0.7053168
26480868;40.4118;-3.710492;-0.06476031;0.7053189
26480869;40.41225;-3.709424;-0.06474166;0.7053267
26480870;40.4127;-3.708775;-0.06473034;0.7053347
26480871;40.41254;-3.708473;-0.06472507;0.7053319
26480872;40.41212;-3.707871;-0.06471457;0.7053246
26480873;40.41248;-3.709065;-0.0647354;0.7053309
27717686;40.41625;-3.708135;-0.06471917;0.7053967
48752933;40.4141;-3.707572;-0.06470934;0.7053591
48752939;40.41474;-3.706441;-0.0646896;0.7053703
48752945;40.4148;-3.706011;-0.06468209;0.7053714
48752949;40.41433;-3.7071;-0.0647011;0.7053632
48752951;40.41425;-3.706396;-0.06468881;0.7053618
48752959;40.41532;-3.708503;-0.06472559;0.7053804
48752960;40.41471;-3.708152;-0.06471945;0.7053697
48753331;40.41652;-3.704259;-0.06465151;0.7054014
48753676;40.41669;-3.703709;-0.06464192;0.7054043
48753682;40.41673;-3.703279;-0.06463442;0.705405
48753688;40.41673;-3.702646;-0.06462336;0.7054049
345198698;40.41596;-3.708677;-0.06472863;0.7053916
347602936;40.41591;-3.706889;-0.06469741;0.7053907
347603099;40.41523;-3.707247;-0.06470367;0.7053788
347615218;40.41209;-3.705358;-0.0646707;0.705324
347617892;40.41349;-3.704745;-0.06465999;0.7053486
347617905;40.41393;-3.704842;-0.06466168;0.7053561
351959168;40.41412;-3.703398;-0.06463649;0.7053595
351959174;40.41449;-3.703145;-0.06463207;0.7053659
351959175;40.41452;-3.703117;-0.06463159;0.7053664
351959288;40.41417;-3.703532;-0.06463884;0.7053603
351959289;40.41426;-3.703397;-0.06463647;0.7053619
390826846;40.41395;-3.706376;-0.06468846;0.7053565
390826851;40.41398;-3.705826;-0.06467886;0.7053571
390826852;40.41353;-3.705885;-0.06467991;0.7053492
390826853;40.41406;-3.70445;-0.06465485;0.7053584
390826854;40.41427;-3.704073;-0.06464827;0.705362
390826873;40.41368;-3.707447;-0.06470716;0.7053517
510827492;40.41471;-3.705188;-0.06466772;0.7053697
510827494;40.41483;-3.705559;-0.06467421;0.7053718
510827495;40.41492;-3.706126;-0.06468411;0.7053734
510827497;40.41499;-3.706796;-0.06469579;0.7053745
510827499;40.41504;-3.707182;-0.06470254;0.7053754
510827501;40.41506;-3.707354;-0.06470553;0.7053759
510827503;40.41512;-3.707502;-0.06470811;0.7053769
510827506;40.41521;-3.707603;-0.06470987;0.7053784
510827508;40.41549;-3.707774;-0.06471287;0.7053834
510827512;40.41515;-3.707233;-0.06470343;0.7053775
510827515;40.41568;-3.706976;-0.06469893;0.7053868
510827526;40.41578;-3.707826;-0.06471377;0.7053885
510827529;40.41607;-3.707937;-0.06471571;0.7053935
510827531;40.41618;-3.708032;-0.06471736;0.7053954
510827540;40.41454;-3.704685;-0.06465895;0.7053667
551479454;40.41375;-3.703668;-0.06464119;0.7053529
551479494;40.41387;-3.703669;-0.06464122;0.7053551
551479496;40.41404;-3.703644;-0.06464079;0.705358
614123393;40.4129;-3.700163;-0.06458002;0.7053381
622204636;40.41073;-3.70268;-0.06462396;0.7053003
845674258;40.4143;-3.70356;-0.06463932;0.7053626
845674260;40.41437;-3.703867;-0.06464468;0.7053639
851942131;40.41495;-3.707545;-0.06470887;0.7053739
942080453;40.4148;-3.705748;-0.06467751;0.7053713
960747239;40.41445;-3.703318;-0.06463508;0.7053652
960747242;40.41512;-3.703241;-0.06463375;0.705377
960747262;40.41479;-3.703429;-0.06463704;0.7053712
990536299;40.41144;-3.708236;-0.06472092;0.7053127
1011021808;40.41291;-3.708386;-0.06472354;0.7053383
1011021811;40.41296;-3.708336;-0.06472267;0.7053393
1011021815;40.413;-3.708293;-0.06472192;0.7053399
1187929637;40.41451;-3.703673;-0.0646413;0.7053663
1187929655;40.41436;-3.70354;-0.06463896;0.7053636
1187929678;40.41411;-3.703614;-0.06464026;0.7053593
1187929701;40.41419;-3.703486;-0.06463803;0.7053607
1187929707;40.41451;-3.703299;-0.06463476;0.7053663
1187929728;40.41455;-3.703425;-0.06463697;0.7053669
1187929739;40.41376;-3.708359;-0.06472308;0.7053532
1187929774;40.41448;-3.703368;-0.06463596;0.7053658
1187929781;40.41414;-3.704327;-0.06465271;0.7053598
1258876329;40.41649;-3.705186;-0.0646677;0.7054009
1258876334;40.41624;-3.707182;-0.06470253;0.7053965
1258876338;40.41601;-3.708494;-0.06472543;0.7053924
1258876345;40.41618;-3.707696;-0.0647115;0.7053953
1258876347;40.41626;-3.707014;-0.06469959;0.7053968
1437056478;40.41345;-3.706419;-0.0646892;0.7053477
1493715148;40.41436;-3.703698;-0.06464172;0.7053636
1522689973;40.41656;-3.704581;-0.06465713;0.7054021
1634750482;40.41161;-3.710627;-0.06476266;0.7053156
1634750483;40.41174;-3.71058;-0.06476183;0.705318
1634750488;40.4118;-3.71047;-0.06475992;0.705319
1645108319;40.41247;-3.703216;-0.06463332;0.7053306
1645108329;40.41408;-3.703591;-0.06463986;0.7053587
1682265913;40.41415;-3.703475;-0.06463784;0.70536
1682265918;40.4142;-3.703374;-0.06463607;0.7053609
1682265955;40.41449;-3.703214;-0.06463328;0.7053659
1682265980;40.41466;-3.703364;-0.0646359;0.7053688
1682266010;40.41476;-3.703349;-0.06463563;0.7053707
1682266025;40.41488;-3.703314;-0.06463502;0.7053726
1777473019;40.41029;-3.702523;-0.06462122;0.7052927
1777473022;40.41244;-3.703199;-0.06463302;0.7053301
1777473023;40.41246;-3.703149;-0.06463214;0.7053306
1777473024;40.41247;-3.703168;-0.06463248;0.7053306
1777473025;40.41248;-3.704076;-0.06464833;0.7053308
1777473026;40.41249;-3.704503;-0.06465577;0.705331
1777473028;40.41254;-3.703951;-0.06464614;0.7053319
1777473030;40.41255;-3.703427;-0.064637;0.7053321
1777473032;40.41257;-3.704985;-0.06466419;0.7053323
1777473033;40.41267;-3.705051;-0.06466534;0.7053341
1777869682;40.41358;-3.707637;-0.06471047;0.70535
1777869683;40.41396;-3.70519;-0.06466776;0.7053566
1777869684;40.41404;-3.704493;-0.06465559;0.705358
1783889513;40.4148;-3.705638;-0.06467558;0.7053713
1789051704;40.41627;-3.707846;-0.06471413;0.705397
1796743676;40.41421;-3.707577;-0.06470943;0.705361
1796743677;40.41465;-3.707522;-0.06470847;0.7053686
1796743678;40.41501;-3.707459;-0.06470738;0.705375
1796759106;40.41344;-3.707538;-0.06470875;0.7053475
1796759107;40.41364;-3.707358;-0.0647056;0.705351
1796759111;40.41417;-3.707506;-0.0647082;0.7053603
1796759112;40.41432;-3.707453;-0.06470726;0.7053629
2005647994;40.41528;-3.708424;-0.06472421;0.7053797
2090546861;40.41475;-3.705463;-0.06467253;0.7053704
2090546862;40.41499;-3.70542;-0.06467177;0.7053747
2090546864;40.41641;-3.700595;-0.06458756;0.7053995
2090546865;40.41655;-3.704687;-0.06465898;0.7054018
2622900858;40.41617;-3.707906;-0.06471518;0.7053953
2701918433;40.41483;-3.708224;-0.06472072;0.7053718
2734140708;40.41398;-3.706189;-0.0646852;0.705357
2827847194;40.41652;-3.704926;-0.06466316;0.7054014
3250620475;40.41382;-3.707524;-0.0647085;0.7053542
3250620502;40.41425;-3.707556;-0.06470906;0.7053618
3274975425;40.41379;-3.708481;-0.0647252;0.7053537
3275673380;40.41674;-3.703075;-0.06463086;0.7054051
3323271328;40.41466;-3.706958;-0.06469862;0.7053688
3414972218;40.41734;-3.707186;-0.0647026;0.7054157
3428610312;40.41395;-3.704714;-0.06465946;0.7053565
3428624757;40.41253;-3.705178;-0.06466755;0.7053317
3428624758;40.41264;-3.705214;-0.06466818;0.7053335
3428624760;40.41435;-3.704056;-0.06464797;0.7053635
3428636172;40.41309;-3.706426;-0.06468934;0.7053414
3502487950;40.4169;-3.707365;-0.06470572;0.705408
3507528468;40.41451;-3.708028;-0.0647173;0.7053662
3507528469;40.41455;-3.708042;-0.06471755;0.705367
3507528477;40.41586;-3.706873;-0.06469715;0.7053897
3507528492;40.41622;-3.70788;-0.06471472;0.7053961
3507529697;40.41629;-3.706791;-0.0646957;0.7053973
3507529704;40.4164;-3.705893;-0.06468003;0.7053993
3507529708;40.41636;-3.705081;-0.06466586;0.7053986
3507529722;40.41661;-3.703274;-0.06463433;0.7054029
3507557298;40.41682;-3.707406;-0.06470644;0.7054066
3519104382;40.4143;-3.703943;-0.06464599;0.7053625
3656019307;40.41394;-3.704774;-0.0646605;0.7053562
3656019308;40.41398;-3.704616;-0.06465774;0.7053571
3656019311;40.4141;-3.704401;-0.06465399;0.7053591
3656019316;40.41426;-3.703991;-0.06464684;0.7053619
3656019318;40.41431;-3.703932;-0.0646458;0.7053628
3656022721;40.4144;-3.703802;-0.06464354;0.7053644
3656023026;40.41472;-3.703362;-0.06463587;0.7053699
3656041440;40.41463;-3.704915;-0.06466296;0.7053684
3656060239;40.41458;-3.703027;-0.06463002;0.7053675
3656083009;40.41204;-3.705375;-0.06467099;0.7053232
3656088313;40.41254;-3.704829;-0.06466146;0.7053318
3657706358;40.41159;-3.707241;-0.06470357;0.7053152
3658078922;40.41263;-3.707586;-0.06470957;0.7053335
3658078923;40.41273;-3.705563;-0.06467427;0.7053351
3658078924;40.41282;-3.705839;-0.06467909;0.7053367
3658079725;40.413;-3.706378;-0.06468849;0.7053399
3666957938;40.41264;-3.705239;-0.06466863;0.7053337
3835537240;40.41318;-3.707449;-0.06470719;0.7053431
3835537247;40.41331;-3.707327;-0.06470506;0.7053453
3835537254;40.41359;-3.707736;-0.0647122;0.7053502
3835537665;40.41379;-3.708575;-0.06472684;0.7053537
3835537686;40.41435;-3.707147;-0.06470191;0.7053635
3835537688;40.41436;-3.707212;-0.06470306;0.7053637
3835537690;40.41437;-3.70645;-0.06468976;0.7053639
3835537691;40.41438;-3.70716;-0.06470215;0.7053639
3835537693;40.41441;-3.707163;-0.06470219;0.7053646
3835543718;40.41358;-3.708187;-0.06472007;0.70535
3835543719;40.41364;-3.707963;-0.06471616;0.705351
3835543723;40.41388;-3.708187;-0.06472007;0.7053553
3835543724;40.41398;-3.708157;-0.06471955;0.705357
4277492753;40.4135;-3.70161;-0.06460529;0.7053486
4418157197;40.41357;-3.708195;-0.06472021;0.7053499
4418157203;40.41346;-3.707824;-0.06471374;0.705348
4418157205;40.41349;-3.707798;-0.06471329;0.7053484
4921810806;40.41156;-3.707244;-0.06470361;0.7053149
5225041505;40.41386;-3.706413;-0.06468911;0.705355
5308393592;40.41647;-3.705055;-0.06466541;0.7054005
5308393606;40.41588;-3.705172;-0.06466745;0.7053902
5308393615;40.41581;-3.705191;-0.06466778;0.705389
5308396722;40.4166;-3.70427;-0.06465171;0.7054028
5308396724;40.41671;-3.703279;-0.06463441;0.7054046
5342725022;40.4138;-3.70686;-0.06469691;0.7053538
5350038443;40.41251;-3.704606;-0.06465757;0.7053313
5351138576;40.41642;-3.703265;-0.06463416;0.7053996
5351138581;40.41313;-3.70679;-0.06469569;0.7053422
5467674834;40.4161;-3.708139;-0.06471924;0.705394
