5669002;42421974;4637270100;
5669002;4637270100;42421972;
5669004;2974462027;42421978;
5669004;42421978;5118033532;
5669004;5118033532;42421982;
5669664;42427764;3976008173;
5669664;3976008173;42427762;
5669841;42429680;42429682;
5669841;42429682;596776009;
5669841;596776009;42429685;
5669841;42429685;42429688;
5669841;42429688;42429690;
5669841;42429690;42429693;
5669841;42429693;42429694;
5669841;42429694;42428003;
5669879;42427970;4918486968;
5669879;4918486968;4918486093;
5669879;4918486093;42429986;
5669879;42429986;4918486925;
5669879;4918486925;589298803;
5669879;589298803;42429981;
5670029;42431649;2792783187;
5670029;2792783187;42431650;
5670029;42431650;2792783185;
5670029;2792783185;596775963;
5670029;596775963;42431652;
5670029;42431652;42431654;
5670029;42431654;42431656;
5670029;42431656;42431659;
5670029;42431659;4918486815;
5670029;4918486815;42431661;
5670029;42431661;4918486811;
5670029;4918486811;4918486931;
5670029;4918486931;42427972;
5670034;42431671;2792787019;
5670034;2792787019;42431674;
5670139;42432818;42432825;
5670221;4347534768;4347535691;
5670221;4347535691;3377461282;
5670221;3377461282;1283225008;
5670221;1283225008;1283225237;
5670221;1283225237;1071832216;
5670221;1071832216;1283225114;
5670221;1283225114;1071832218;
5670221;1071832218;1283225181;
5670221;1283225181;2216963392;
5670221;2216963392;4263273698;
5670221;4263273698;4263273701;
5670221;4263273701;2216963432;
5670221;2216963432;1071832234;
5670221;1071832234;2216963498;
5670221;2216963498;42433876;
5670221;42433876;2216963516;
5670253;4347534767;4347534780;
5670253;4347534780;42430394;
5670348;4347550065;1825841752;
5670348;1825841752;1825841712;
5670348;1825841712;1825841705;
5670348;1825841705;1825841690;
5670348;1825841690;1825841725;
5670348;1825841725;1792549686;
5670348;1792549686;1695371049;
5670348;1695371049;4347550054;
5670348;4347550054;42421969;
5670348;42421969;42435250;
5670458;42427965;4918486094;
5670458;4918486094;5119773922;
5670458;5119773922;3342322003;
5670458;3342322003;5119773933;
5670458;5119773933;4918486946;
5670458;4918486946;42436531;
5670458;42436531;4918486950;
5670458;4918486950;4918486778;
5670458;4918486778;593300940;
5670572;42427985;42437451;
5670572;42437451;3382963008;
5670572;3382963008;42437445;
5670572;42437445;42437436;
5670572;42437436;42437433;
5670572;42437433;3278932320;
5670572;3278932320;42437428;
5670572;42437428;596775973;
5670572;596775973;2792787015;
5670572;2792787015;42437425;
5670572;42437425;2792787011;
5670572;2792787011;42437423;
5670818;42439553;42439556;
5670818;42439556;596788016;
5670818;596788016;42439557;
5670818;42439557;42439559;
5670818;42439559;42439561;
5670818;42439561;42439563;
5670818;42439563;42439567;
5670818;42439567;42428012;
5670873;4347534768;4347535693;
5670873;4347535693;4347534778;
5670873;4347534778;3377461259;
5670873;3377461259;1283225262;
5670873;1283225262;4347534770;
5670873;4347534770;4347534767;
5670874;42440313;3377461262;
5670874;3377461262;3377461261;
5670874;3377461261;4347534767;
5670938;42440934;42440935;
5671056;42440935;1241742743;
5671056;1241742743;2710204291;
5671056;2710204291;42421982;
5671056;42421982;4081416473;
5671056;4081416473;432736824;
5671056;432736824;42442410;
5671056;42442410;42442415;
5671056;42442415;3690549743;
5671056;3690549743;42439464;
5671056;42439464;42429999;
5671056;42429999;42442417;
5671056;42442417;3377383055;
5671056;3377383055;1733614298;
5671056;1733614298;3377383057;
5671056;3377383057;5115916411;
5671056;5115916411;42442422;
5671056;42442422;5115916420;
5671056;5115916420;5115907023;
5671056;5115907023;4600226466;
5671115;62915516;3874681649;
5671115;3874681649;42430694;
5671115;42430694;593921849;
5671115;593921849;42443534;
5671115;42443534;42443532;
5671115;42443532;2351532361;
5671115;2351532361;42435680;
5671129;42431544;42443612;
5671276;42445027;3463815150;
5671276;3463815150;3463815149;
5671276;3463815149;42445025;
5671276;42445025;3463815147;
5671276;3463815147;3463813446;
5671276;3463813446;42440163;
5671276;42440163;3463813445;
5671276;3463813445;3463813444;
5671276;3463813444;42432594;
5671276;42432594;3463813443;
5671276;3463813443;42443532;
5671276;42443532;42445020;
5671276;42445020;4207957614;
5671288;42430394;1283225261;
5671288;1283225261;73787726;
5671288;73787726;2216963378;
5671288;2216963378;2216963381;
5671288;2216963381;73787724;
5671288;73787724;73787723;
5671288;73787723;2216963391;
5671288;2216963391;73787722;
5671288;73787722;1283225267;
5671288;1283225267;42445149;
5671288;42445149;2216963458;
5671288;2216963458;1492283427;
5671288;1492283427;2216963462;
5671288;2216963462;73787718;
5671288;73787718;1492283428;
5671288;1492283428;42442142;
5671475;42447237;5375679279;
5671475;5375679279;42442983;
5671475;42442983;42447235;
5671475;42447235;42447069;
5671475;42447069;42447230;
5671475;42447230;596775979;
5671475;596775979;2792787027;
5671475;2792787027;42445976;
5671475;42445976;2792787021;
5671475;2792787021;2792787020;
5671475;2792787020;42447228;
5671574;42440313;3976008177;
5671574;3976008177;3976008175;
5671574;3976008175;42445950;
5671691;2061592973;1241742743;
5671691;1241742743;2710204020;
5671691;2710204020;1241742627;
5671709;42436700;3977886250;
5671709;3977886250;3976008162;
5671709;3976008162;1745856081;
5671709;1745856081;4207938835;
5672290;4347534783;4347534771;
5672290;4347534771;42453679;
5672290;42453679;4347534775;
5672290;4347534775;4347534768;
5672399;1061531509;42428575;
5672399;42428575;4637270101;
5672399;4637270101;1241742563;
5672629;42424098;4918486791;
5672629;4918486791;4798293331;
5672629;4798293331;4716936973;
5672629;4716936973;42449979;
5672752;42440022;4794775932;
5672752;4794775932;4794775935;
5672752;4794775935;2653473655;
5672752;2653473655;1792535217;
5672752;1792535217;42428329;
5672760;42455662;2792787022;
5672760;2792787022;2792783186;
5672760;2792783186;42445972;
5672769;42427996;42455695;
5672769;42455695;42443000;
5672769;42443000;3116856947;
5672769;3116856947;42449991;
5672769;42449991;3278932329;
5672769;3278932329;3278932321;
5672769;3278932321;42447076;
5672769;42447076;42455694;
5672769;42455694;596776027;
5672769;596776027;42445994;
5672769;42445994;42455693;
5672951;42427762;3976008172;
5672951;3976008172;3976008170;
5672951;3976008170;42445947;
5672951;42445947;596775941;
5672951;596775941;42456598;
5672951;42456598;42447007;
5672954;42450426;3977886255;
5672954;3977886255;42445936;
5673018;42435253;5117972561;
5673018;5117972561;1061531447;
5673018;1061531447;42428579;
5673114;247223720;1420632012;
5673114;1420632012;3809536790;
5673114;3809536790;42435264;
5673117;42457788;5307237639;
5673117;5307237639;1071832221;
5673117;1071832221;5307237641;
5673117;5307237641;422438819;
5673461;42456683;2792781449;
5673461;2792781449;42445961;
5673461;42445961;2792781448;
5673461;2792781448;2792781452;
5673461;2792781452;596775985;
5673461;596775985;42459114;
5673461;42459114;42447030;
5673461;42447030;42449982;
22898530;1825841743;1825841696;
22898530;1825841696;1825841685;
22898530;1825841685;1825841689;
22898530;1825841689;1825841691;
22898530;1825841691;1701856476;
22898530;1701856476;3369517472;
22898530;3369517472;1792535213;
22898530;1792535213;1701856471;
22898530;1701856471;1701856467;
22898530;1701856467;3369517464;
22898530;3369517464;42428332;
22946821;42435261;595371388;
22946821;595371388;1420632047;
22946829;42431280;3377460351;
22946829;3377460351;3377460350;
22946829;3377460350;247221965;
22946829;247221965;2216963613;
22946829;2216963613;3887931468;
22946967;42423677;1659428956;
22946967;1659428956;247226692;
22946967;247226692;247226693;
22946967;247226693;1283225033;
22946967;1283225033;4347550047;
22946967;4347550047;42423674;
31311315;1420632789;1420632788;
31311315;1420632788;1420634201;
31311315;1420634201;1420632787;
31311315;1420632787;1150587396;
31311315;1150587396;2059303811;
31311315;2059303811;4257351383;
31311315;4257351383;1150587399;
31311315;1150587399;2059303813;
31311315;2059303813;4257351399;
31311315;4257351399;1150587413;
31311315;1150587413;4257351414;
31311315;4257351414;1210383509;
31311315;1210383509;1150587409;
31311315;1150587409;1150587394;
31311315;1150587394;4257351430;
31311315;4257351430;3248816695;
31311315;3248816695;2059303828;
31311315;2059303828;42442145;
31311315;42442145;2059303835;
31311315;2059303835;2059303836;
31311315;2059303836;2059303840;
31311315;2059303840;2059303841;
31311315;2059303841;2059303842;
31311315;2059303842;4257351460;
31311316;42433881;4257949169;
31311316;4257949169;1283225090;
31311316;1283225090;422438779;
31311316;422438779;247221412;
31311316;247221412;4332700926;
31311316;4332700926;4332700919;
31311316;4332700919;4332700775;
31311316;4332700775;4332700788;
32947289;371034152;2089938149;
32947292;42424089;3785591390;
32947292;3785591390;593301178;
32947292;593301178;371037237;
32947293;371034153;42423569;
32947293;42423569;3785591410;
32947293;3785591410;3785591411;
32947293;3785591411;371037071;
32947293;371037071;3785591412;
32947293;3785591412;3785591413;
32947293;3785591413;1701281782;
32947293;1701281782;3785591414;
32947293;3785591414;371037073;
32947293;371037073;3785591415;
32947293;3785591415;3785591416;
32947293;3785591416;3785591417;
32947293;3785591417;42423571;
32947293;42423571;3944770822;
32947293;3944770822;371034144;
32947293;371034144;3785591418;
32947293;3785591418;3785591419;
32947293;3785591419;3785591420;
32947293;3785591420;371037076;
32947293;371037076;3785591422;
32947293;3785591422;3785591421;
32947293;3785591421;371037077;
32947295;1775176474;3785585951;
32947295;3785585951;3785585950;
32947295;3785585950;4633498241;
32947295;4633498241;1775181592;
32947295;1775181592;593301190;
32947295;593301190;5163382519;
32947295;5163382519;5163382518;
32947295;5163382518;4633498242;
32947295;4633498242;5163382520;
32947295;5163382520;42424098;
32947297;371034162;42423752;
32947509;371037281;371037404;
32947509;371037404;3785591397;
32947509;3785591397;371037405;
32947509;371037405;3785591398;
32947509;3785591398;2902396742;
32947509;2902396742;3785591399;
32947509;3785591399;1701281780;
32947509;1701281780;3785591400;
32947509;3785591400;1701281781;
32947509;1701281781;3785591401;
32947509;3785591401;2902396743;
32947509;2902396743;3785591402;
32947509;3785591402;371037406;
32947509;371037406;3785591403;
32947509;3785591403;593301067;
32947509;593301067;3785591404;
32947509;3785591404;3785591405;
32947509;3785591405;3785591406;
32947509;3785591406;3785591407;
32947509;3785591407;3785591408;
32947509;3785591408;3785591409;
32947509;3785591409;371037407;
32947509;371037407;371037408;
32947517;42423579;593215600;
32947517;593215600;593215564;
32947558;593215564;371037940;
32947558;371037940;3785582162;
32947558;3785582162;3785582163;
32947558;3785582163;3785582167;
32947558;3785582167;3785582165;
32947558;3785582165;3785582164;
32947558;3785582164;371037938;
32947558;371037938;3785582168;
32947558;3785582168;1775201764;
36185329;248709820;422438817;
36185330;42447228;5307237644;
36185330;5307237644;2216963583;
36185330;2216963583;248709821;
36185330;248709821;2216963586;
36185330;2216963586;2216963589;
36185330;2216963589;248709820;
36185331;422438819;422438821;
36185332;422438821;5307237642;
36185332;5307237642;5307237643;
36185332;5307237643;42455662;
36185336;4332700788;4332700922;
36185336;4332700922;4332700906;
36185337;4332700906;247221413;
36185337;247221413;3377461230;
36185337;3377461230;247221414;
36185337;247221414;42433889;
36185337;42433889;4332700892;
36185337;4332700892;561950429;
36185337;561950429;42433892;
36185337;42433892;2059303812;
36185337;2059303812;2059303814;
36185337;2059303814;2059303815;
36185337;2059303815;247221415;
36185337;247221415;2059303816;
36185337;2059303816;561950457;
36185337;561950457;373268478;
36185337;373268478;2059303818;
36185337;2059303818;2059303819;
36185337;2059303819;2059303820;
36185337;2059303820;2059303823;
36185337;2059303823;42433896;
36185337;42433896;2059303831;
36185337;2059303831;2059303834;
36185337;2059303834;2059303837;
36185337;2059303837;2059303839;
36185337;2059303839;247221417;
44225601;561950065;561950063;
46211828;42423752;4942649697;
46211828;4942649697;42456049;
46211828;42456049;4918486944;
46211828;4918486944;5119773940;
46211828;5119773940;4918486967;
46211828;4918486967;42427968;
46211828;42427968;4918486963;
46211828;4918486963;3785578845;
46211828;3785578845;42451332;
46211829;42424098;4798293326;
46211829;4798293326;1775201764;
46240204;42432834;42456598;
46240204;42456598;42448317;
46240204;42448317;42455113;
46240204;42455113;42436514;
46240204;42436514;42459114;
46240204;42459114;42429974;
46240204;42429974;42431652;
46240204;42431652;42455666;
46240204;42455666;42447230;
46240204;42447230;42437428;
46240204;42437428;42431677;
46240204;42431677;42455694;
46240204;42455694;42429685;
46240204;42429685;42445230;
46240204;42445230;4207313524;
46240204;4207313524;42436481;
46240204;42436481;4207313532;
46240204;4207313532;42438795;
46240204;42438795;42439557;
46240204;42439557;42430056;
46240204;42430056;42454691;
46240204;42454691;42446461;
46240204;42446461;42436914;
46240204;42436914;42459137;
46240204;42459137;42438490;
46240204;42438490;42452954;
46240204;42452954;3341912576;
46240204;3341912576;42439395;
46240204;42439395;42448216;
46240204;42448216;42435504;
46240204;42435504;42458766;
46240204;42458766;42429330;
46240204;42429330;42454192;
46240204;42454192;42445736;
46240204;42445736;42436541;
46240204;42436541;42444812;
46240204;42444812;42456578;
46240204;42456578;42448729;
46240204;42448729;42452812;
46240204;42452812;42444491;
46240204;42444491;42434168;
46240204;42434168;42457660;
46334594;42447020;42455113;
46334594;42455113;596775892;
46334594;596775892;4796291639;
46334594;4796291639;42445953;
46372158;592643512;593216100;
46372158;593216100;593216112;
46372158;593216112;2870679581;
46372158;2870679581;593216116;
46372158;593216116;593216120;
46372158;593216120;3785591449;
46372158;3785591449;593215654;
46419221;42423752;589298803;
46419222;42423565;4918486119;
46419222;4918486119;3785586749;
46419222;3785586749;3785586748;
46419222;3785586748;371034153;
46419223;593215654;593215658;
46419223;593215658;3785591448;
46419223;3785591448;3785591447;
46419223;3785591447;3785591446;
46419223;3785591446;3567774323;
46419223;3567774323;3785591444;
46419223;3785591444;593215662;
46419223;593215662;4199108057;
46419223;4199108057;3567774324;
46419223;3567774324;593215667;
46419223;593215667;3785591443;
46419223;3785591443;3567774322;
46419223;3567774322;3567774321;
46419223;3567774321;3567774320;
46419223;3567774320;4942628130;
46419223;4942628130;4942628131;
46420287;1775201764;4918486106;
46420287;4918486106;593300940;
46443656;42432585;4782363331;
46443656;4782363331;4782363335;
46443656;4782363335;2435108449;
46443656;2435108449;4322008117;
46443656;4322008117;42428307;
46443656;42428307;1758380528;
46443656;1758380528;42432589;
46443656;42432589;4782543132;
46443656;4782543132;2682336471;
46443656;2682336471;2682336481;
46443656;2682336481;2969871935;
46443656;2969871935;4782543129;
46443656;4782543129;2351532373;
46443656;2351532373;42432594;
46443656;42432594;42432598;
46443656;42432598;4782543127;
46443656;4782543127;42430698;
46443656;42430698;4782543125;
46443656;4782543125;2956903784;
46443656;2956903784;4782543124;
46443656;4782543124;4872429939;
46443656;4872429939;62915536;
46443656;62915536;42432605;
46482602;593921858;42455761;
46482602;42455761;42445018;
46482602;42445018;2351532375;
46482602;2351532375;5481886057;
46482602;5481886057;3573482145;
46482602;3573482145;3573482144;
46482602;3573482144;42435675;
46482602;42435675;2639531766;
46482602;2639531766;5481885793;
46482602;5481885793;3573482142;
46482602;3573482142;4578044150;
46482602;4578044150;2435108434;
46482602;2435108434;42428300;
46482602;42428300;2435108450;
46482602;2435108450;4578044147;
46482602;4578044147;42439990;
46521993;42430371;3971302312;
46521993;3971302312;4544486780;
46521993;4544486780;3977886858;
46521993;3977886858;42450426;
46521995;42449979;4716936972;
46521995;4716936972;4796291637;
46521995;4796291637;42447020;
46522160;42429981;591998760;
46522160;591998760;42429980;
46522160;42429980;42429976;
46522160;42429976;42429974;
46522160;42429974;596775998;
46522160;596775998;2792781450;
46522160;2792781450;42429971;
46522160;42429971;2792781456;
46522160;2792781456;42429970;
46525011;42421985;3956129965;
46525011;3956129965;3371304373;
46525011;3371304373;432736825;
46525011;432736825;3371304370;
46525011;3371304370;3956129963;
46525011;3956129963;42421982;
46525065;42430747;3998699941;
46525065;3998699941;42450341;
46525065;42450341;3998699939;
46525065;3998699939;42445039;
46525065;42445039;2351534216;
46525065;2351534216;42435716;
46538335;42440452;3977886237;
46538335;3977886237;805764995;
46538335;805764995;4549080330;
46538335;4549080330;805764998;
46538335;805764998;5475605301;
46538371;42440012;3977886877;
46538371;3977886877;42428313;
46538371;42428313;42435705;
46538371;42435705;2351532363;
46538371;2351532363;1815133244;
46538371;1815133244;3463810249;
46538371;3463810249;42449550;
46538371;42449550;595269520;
46538371;595269520;595269522;
46538371;595269522;42430722;
46538375;42446386;61275600;
46538375;61275600;3874681655;
46538375;3874681655;42430713;
46538375;42430713;595269406;
46538375;595269406;595269410;
46538375;595269410;42446363;
46538375;42446363;3463815151;
46538375;3463815151;42445027;
46538375;42445027;2709968341;
46538375;2709968341;5481881554;
46538375;5481881554;42435702;
46538375;42435702;3977886873;
46538375;3977886873;42428312;
46538375;42428312;4322008114;
46538375;4322008114;3977886872;
46538375;3977886872;3977886869;
46538375;3977886869;42440009;
46538375;42440009;4784141042;
46538375;4784141042;3932923799;
46538375;3932923799;1828749426;
46538375;1828749426;3971196633;
46538375;3971196633;42430363;
46538375;42430363;3974095842;
46538375;3974095842;1745856010;
46538375;1745856010;3976005755;
46538375;3976005755;3977886243;
46538375;3977886243;42446353;
46538429;42440935;42430749;
46579577;4207881093;42435253;
46579577;42435253;1420632698;
46579577;1420632698;42435257;
46579577;42435257;42435261;
46579578;42428570;4637270099;
46579578;4637270099;1241742627;
46579579;1241742563;1241760156;
46579579;1241760156;1241760168;
46579579;1241760168;4081416473;
46583189;4347534767;4347534776;
46583189;4347534776;1251382527;
46583189;1251382527;4347534774;
46583189;4347534774;42427764;
46613709;4263273848;4263273851;
46613709;4263273851;2216963610;
46613709;2216963610;2216963612;
46613709;2216963612;3391966039;
46613709;3391966039;42433881;
46613710;595703383;4263273848;
46613711;422438817;248709819;
46613711;248709819;1071832224;
46613711;1071832224;5307237640;
46613711;5307237640;42457788;
46613712;595703385;4263273985;
46613712;4263273985;561949968;
46613712;561949968;247220910;
46613712;247220910;2216963622;
46613712;2216963622;2216963621;
46613712;2216963621;4263273991;
46613712;4263273991;4263273990;
46613712;4263273990;42424805;
46613712;42424805;2216963620;
46613712;2216963620;42439059;
46613712;42439059;561949997;
46613712;561949997;2216963618;
46613712;2216963618;42439057;
46613712;42439057;2216963616;
46613712;2216963616;2216963614;
46613712;2216963614;42433881;
46613713;3898029175;247220908;
46613713;247220908;4263273874;
46613713;4263273874;247220909;
46613713;247220909;1420632765;
46694753;4207903863;4207313540;
46694753;4207313540;42436477;
46694753;42436477;4207313538;
46694753;4207313538;4207313533;
46694753;4207313533;596776057;
46694753;596776057;42436481;
46694753;42436481;4207313526;
46694753;4207313526;3562587893;
46694753;3562587893;42436484;
46694753;42436484;3562587894;
46694753;3562587894;3562587898;
46694753;3562587898;42436486;
46694753;42436486;3562587900;
46694753;3562587900;3562587901;
46694753;3562587901;42436489;
46694753;42436489;3562587904;
46694753;3562587904;3562587905;
46694753;3562587905;42436492;
46694753;42436492;3562587906;
46694753;3562587906;4207313503;
46694753;4207313503;42428007;
46694760;42428010;3382948109;
46694760;3382948109;42438805;
46694760;42438805;3382948110;
46694760;3382948110;42438802;
46694760;42438802;3382948111;
46694760;3382948111;42438800;
46694760;42438800;3382948112;
46694760;3382948112;42438798;
46694760;42438798;3382948113;
46694760;3382948113;42438795;
46694760;42438795;596776063;
46694760;596776063;3382948114;
46694760;3382948114;3382948115;
46694760;3382948115;42438791;
46694760;42438791;42438788;
47795999;42435261;3809536789;
47795999;3809536789;42435264;
68674962;596776260;596776167;
68674962;596776167;596776173;
68674962;596776173;596776144;
68674962;596776144;596776177;
68674962;596776177;596776163;
68674962;596776163;596776156;
68674962;596776156;596776150;
68674962;596776150;596776103;
68674962;596776103;596776115;
68674962;596776115;596776164;
68674962;596776164;596776132;
68674962;596776132;596776120;
68674962;596776120;596776074;
68674962;596776074;596776127;
68674962;596776127;3341912574;
68674962;3341912574;596776095;
68674962;596776095;596776083;
68674962;596776083;596776089;
68674962;596776089;596776078;
68674962;596776078;596776052;
68674962;596776052;596776041;
68674962;596776041;596776046;
68674962;596776046;596788016;
68674962;596788016;596776063;
68674962;596776063;4207313534;
68674962;4207313534;596776057;
68674962;596776057;4207313527;
68674962;4207313527;596776021;
68674962;596776021;596776009;
68674962;596776009;596776027;
68674962;596776027;596776017;
68674962;596776017;596775973;
68674962;596775973;596775979;
68674962;596775979;596776032;
68674962;596776032;596775963;
68674962;596775963;596775998;
68674962;596775998;596775985;
68674962;596775985;596775930;
68674962;596775930;596775892;
68674962;596775892;596775946;
68674962;596775946;596775941;
68674962;596775941;596775935;
91383966;1825841742;1825841667;
91383966;1825841667;1695371036;
91383966;1695371036;1695371082;
91383966;1695371082;1792549666;
91383966;1792549666;1695371037;
91383966;1695371037;1061531429;
91383966;1061531429;1061531777;
91383966;1061531777;1061531509;
108200127;1241760163;3371135637;
108200128;1241760156;5118031096;
108200128;5118031096;3371135638;
125480074;1792549689;1792549660;
125480074;1792549660;1825841714;
125480074;1825841714;1825841703;
125480074;1825841703;1825841653;
125480074;1825841653;1825841700;
128578946;42423677;1283225327;
128578946;1283225327;3887931471;
128578946;3887931471;3887931460;
128578946;3887931460;42431281;
128578946;42431281;4332677091;
128578946;4332677091;1283225030;
128578946;1283225030;4332676966;
128578946;4332676966;1492283430;
128578946;1492283430;1492283429;
128578946;1492283429;42442142;
128578946;42442142;4332679981;
128578946;4332679981;73787300;
128578946;73787300;1283225249;
128578946;1283225249;582992247;
128578946;582992247;1283225243;
128578946;1283225243;247220907;
128578946;247220907;73787302;
128578946;73787302;4332679976;
128578946;4332679976;3898029174;
128578947;247222680;247223718;
128578947;247223718;1420632024;
128578947;1420632024;247223719;
128578947;247223719;5307238006;
128578947;5307238006;595371399;
128578947;595371399;5307238002;
128578947;5307238002;5307238003;
128578947;5307238003;247223720;
128578950;1420632047;2216963637;
128578950;2216963637;247222680;
164184349;1758380528;1762449346;
164632299;1762449347;1758380526;
164632300;1762449346;1762449347;
166030811;1775176487;3785591381;
166030811;3785591381;3785591380;
166030811;3785591380;3785591379;
166030811;3785591379;1775176485;
166030811;1775176485;3785591378;
166030811;3785591378;2089938151;
166030811;2089938151;3785591377;
166030811;3785591377;1775207752;
166030811;1775207752;3785591376;
166030811;3785591376;371037237;
166030812;1775176474;1775176488;
166030812;1775176488;2089938154;
166030812;2089938154;3785591369;
166030812;3785591369;2089938155;
166030812;2089938155;3785585952;
166030812;3785585952;3785585953;
166030812;3785585953;3785585954;
166030812;3785585954;1775176473;
167922074;42428305;4322008118;
167922074;4322008118;42439996;
167922075;4557482266;1825841738;
167922075;1825841738;3114739428;
167922075;3114739428;1825841683;
167922075;1825841683;1825841711;
167922075;1825841711;1825841710;
167922075;1825841710;1825841706;
167922075;1825841706;1792535233;
167922075;1792535233;1792535218;
167922075;1792535218;1792535224;
167922075;1792535224;4347550074;
169381965;42455119;4918486775;
169381965;4918486775;4918486948;
169381965;4918486948;4942649692;
169381965;4942649692;42436531;
171574337;4347550065;1825841646;
171574337;1825841646;1825841682;
171574337;1825841682;1825841686;
171574337;1825841686;1825841648;
171574337;1825841648;1825841734;
171574337;1825841734;1825841717;
171574337;1825841717;1825841742;
186202420;4347550074;1792535236;
186202420;1792535236;1792535234;
186202420;1792535234;1792535228;
186202420;1792535228;1825841670;
186202420;1825841670;1825841669;
186202420;1825841669;1825841747;
186202420;1825841747;1825841692;
186202420;1825841692;1825841744;
186202420;1825841744;4347550071;
194920158;62915521;3874681652;
194920158;3874681652;4782404430;
194920158;4782404430;5481838999;
194920158;5481838999;5481838621;
194920158;5481838621;4782404429;
194920158;4782404429;42430704;
194920158;42430704;5481839792;
194920158;5481839792;595269440;
194920158;595269440;42440170;
194920158;42440170;4782404427;
194920158;4782404427;4782404425;
194920158;4782404425;3463813447;
194920158;3463813447;42440163;
194920158;42440163;2351532369;
194920158;2351532369;2682336534;
194920158;2682336534;5481883912;
194920158;5481883912;2682336531;
194920158;2682336531;42435684;
194920158;42435684;4782404423;
194920158;4782404423;3974095846;
194920158;3974095846;2435108462;
194920158;2435108462;42428308;
194920158;42428308;4322008116;
194920158;4322008116;2435108447;
194920158;2435108447;4207978589;
194926851;42435668;42435671;
194926851;42435671;42432700;
194926851;42432700;2639531768;
194926851;2639531768;2435108451;
194926851;2435108451;42435675;
194926851;42435675;2435108457;
194926851;2435108457;42435677;
194926851;42435677;42435680;
194926851;42435680;4207957615;
195743152;42423674;1283225231;
195743152;1283225231;1740700807;
195743152;1740700807;4207892897;
195743166;42445972;2792783181;
195743166;2792783181;596776032;
195743166;596776032;42455666;
195743166;42455666;42447060;
195743167;596776017;42431677;
195743167;42431677;3278932315;
195743167;3278932315;42431678;
195743167;42431678;3278932318;
195743167;3278932318;42431680;
195743167;42431680;5373598785;
195743167;5373598785;42431681;
195743167;42431681;3382963009;
195743167;3382963009;42431684;
195743167;42431684;42427991;
195743180;42436477;4207313542;
195743180;4207313542;42438791;
195743180;42438791;42439556;
195743180;42439556;42430052;
195743180;42430052;42446013;
195743180;42446013;42446016;
195743180;42446016;42436913;
195743180;42436913;42446021;
195743180;42446021;42438487;
195743180;42438487;3392519848;
195743180;3392519848;42446026;
195743180;42446026;3341917067;
195743180;3341917067;3341917064;
195743180;3341917064;42439392;
195743180;42439392;3392519839;
195743180;3392519839;2238282059;
195743180;2238282059;42446031;
195743180;42446031;2238282070;
195743180;2238282070;2238282222;
195743180;2238282222;42435499;
195743183;42445972;2792783183;
195743183;2792783183;2792787023;
195743183;2792787023;42445976;
195743183;42445976;2792787017;
195743183;2792787017;2792787018;
195743183;2792787018;42437425;
195743183;42437425;2792787016;
195743183;2792787016;2792787026;
195743183;2792787026;42431674;
195743185;42431674;2792787012;
195743185;2792787012;42445994;
195743185;42445994;42429682;
195743185;42429682;42445227;
195743185;42445227;4207313537;
195743185;4207313537;42436477;
195743211;42430736;3308681116;
195743211;3308681116;3308681115;
195743211;3308681115;42450434;
195743211;42450434;3308681114;
195743211;3308681114;3308681113;
195743211;3308681113;42445033;
195743297;42455643;3998699938;
195743297;3998699938;3998699940;
195743297;3998699940;42450341;
195743297;42450341;3998699942;
195743297;3998699942;42440935;
195743301;42450434;3998699925;
195743301;3998699925;42440966;
195743301;42440966;3998699927;
195743301;3998699927;3998699929;
195743301;3998699929;42431563;
195743301;42431563;3998699931;
195743301;3998699931;3998699935;
195743301;3998699935;42455643;
195743335;42437423;2792787013;
195743335;2792787013;42447228;
195743336;42432818;42431544;
195743336;42431544;42440951;
195743336;42440951;3977886859;
195743336;3977886859;42450426;
195743339;42436475;3278932290;
195743339;3278932290;42445225;
195743339;42445225;42429680;
195743339;42429680;3377460386;
195743339;3377460386;42455693;
195743339;42455693;42431671;
195743339;42431671;42437423;
195743342;42447228;2792787010;
195743342;2792787010;2792787025;
195743342;2792787025;42455662;
195743342;42455662;2792787014;
195743342;2792787014;42431649;
195743342;42431649;42429970;
195743342;42429970;42456683;
195743342;42456683;42436510;
195743342;42436510;3887931462;
195743342;3887931462;4347535692;
195743342;4347535692;4347534783;
196116975;42428579;42428575;
196116975;42428575;42421972;
196116975;42421972;42428570;
196116975;42428570;1825803850;
196116975;1825803850;1825841728;
196116975;1825841728;1825841702;
196116975;1825841702;1825841733;
196116975;1825841733;1825841716;
196116975;1825841716;1825841756;
196116975;1825841756;1825841754;
196116976;42428329;42428328;
196116976;42428328;3463816119;
196116976;3463816119;42428321;
196116976;42428321;3463816116;
196116976;3463816116;42428315;
196116976;42428315;42428313;
196116976;42428313;3977886874;
196116976;3977886874;42428312;
196116976;42428312;3977886871;
196116976;3977886871;3977886866;
196116976;3977886866;42428310;
196116976;42428310;3977886863;
196116976;3977886863;2435108453;
196116976;2435108453;42428308;
196116976;42428308;2435108455;
196116976;2435108455;2435108454;
196116976;2435108454;42428307;
196116976;42428307;2435108444;
196116976;2435108444;2435108460;
196116976;2435108460;42428305;
196116976;42428305;2435108459;
196116976;2435108459;2435108435;
196116976;2435108435;42428303;
196116980;42428588;42428583;
196116980;42428583;5117972569;
196116980;5117972569;42428579;
196116988;4207892896;4796245038;
196116988;4796245038;1740700804;
196116988;1740700804;42423674;
196116998;42447060;42449985;
196117001;42449985;42442977;
196117001;42442977;42455675;
196117083;42428329;42435714;
196117084;2698702581;4546351686;
196117084;4546351686;2349482107;
196117084;2349482107;42445037;
196117084;42445037;3998699936;
196117084;3998699936;42455643;
196117084;42455643;3998699937;
196117084;3998699937;4215913814;
196117085;42428579;5117972559;
196117085;5117972559;5117972562;
196117085;5117972562;4637270102;
196117085;4637270102;42443313;
196117089;42449985;42447235;
196117089;42447235;42437436;
196117089;42437436;42431680;
196117089;42431680;42449991;
196117089;42449991;42429690;
196117089;42429690;42445236;
196117089;42445236;3562587899;
196117089;3562587899;42436486;
196117089;42436486;3562587897;
196117089;3562587897;42438800;
196117089;42438800;42439561;
196117089;42439561;42430063;
196117089;42430063;42450009;
196117089;42450009;42446472;
196117089;42446472;42436919;
196117089;42436919;42450015;
196117089;42450015;42438503;
196117089;42438503;42450025;
196117089;42450025;42439403;
196117089;42439403;42448238;
196117089;42448238;42435514;
196117089;42435514;42450028;
196117089;42450028;42429338;
196117089;42429338;42450030;
196117089;42450030;42445740;
196117089;42445740;42436546;
196117089;42436546;42444817;
196117089;42444817;42450035;
196117089;42450035;42448735;
196117089;42448735;42450037;
196117089;42450037;42444500;
196117089;42444500;42434172;
196117089;42434172;42450044;
196117089;42450044;4980915579;
196117089;4980915579;42449007;
196117089;42449007;4980915577;
196117089;4980915577;3519966021;
196117089;3519966021;42450048;
196117089;42450048;4980915583;
196117089;4980915583;42445261;
196117089;42445261;4980915580;
196117089;4980915580;42450052;
196117089;42450052;5482216748;
196117089;5482216748;3519874711;
196117089;3519874711;42438953;
196117089;42438953;42430482;
196117089;42430482;42434898;
196117089;42434898;3519874741;
196117089;3519874741;3519874747;
196117089;3519874747;42436624;
196117089;42436624;4970497090;
196117089;4970497090;42450055;
196117089;42450055;4970497089;
196117089;4970497089;4970497094;
196117089;4970497094;42450057;
196117089;42450057;4970497092;
196117089;4970497092;42445827;
196117089;42445827;5481998037;
196117089;5481998037;42436647;
196117089;42436647;42450061;
196117089;42450061;42434385;
196117089;42434385;42450066;
196117089;42450066;42449422;
196117089;42449422;1775171884;
196117089;1775171884;4983782407;
196117089;4983782407;42435396;
196117089;42435396;4983782410;
196117089;4983782410;42450071;
196117092;42435714;4207815982;
198595460;593300940;4960208254;
198595460;4960208254;42436527;
198595461;42436527;4918486110;
198595461;4918486110;42436519;
198595461;42436519;42436516;
198595461;42436516;42436514;
198595461;42436514;596775930;
198595461;596775930;2792781451;
198595461;2792781451;42436511;
198595461;42436511;2792781462;
198595461;2792781462;42436510;
198595470;371037237;3785591375;
198595470;3785591375;3785591374;
198595470;3785591374;3785591373;
198595470;3785591373;371037238;
198595470;371037238;3785591372;
198595470;3785591372;3785591371;
198595470;3785591371;371037239;
198595470;371037239;3785591370;
198595470;3785591370;371034148;
198595470;371034148;371034152;
198595507;42423579;371034158;
198595548;1775176487;42424089;
198595549;42436527;4918486113;
198595549;4918486113;4798293329;
198595549;4798293329;4918486793;
198595549;4918486793;42424098;
198924551;42424089;3785591394;
198924551;3785591394;3785591395;
198924551;3785591395;5186208519;
198924552;42445950;4960527245;
198924552;4960527245;596775946;
198924552;596775946;42448317;
198924552;42448317;4960527247;
198924552;4960527247;42447009;
198924587;42445950;4796291642;
198924587;4796291642;4796291640;
198924587;4796291640;42445953;
198924630;276032821;3785591423;
198924630;3785591423;3785591424;
198924630;3785591424;371036766;
198924630;371036766;3785591425;
198924630;3785591425;371036767;
198924630;371036767;3785591426;
198924630;3785591426;3785591427;
198924630;3785591427;3785591428;
198924630;3785591428;371034155;
198924630;371034155;3944770806;
198924727;42424098;1775176473;
198924727;1775176473;1775176487;
198924778;4347534783;4347535696;
198924778;4347535696;1251382508;
198924778;1251382508;3976008178;
198924778;3976008178;42440313;
211731500;2216963516;1071832232;
211731501;1071832232;2216963550;
211731501;2216963550;2216963574;
211731501;2216963574;561949979;
211731501;561949979;595703383;
226015265;42436531;4918486952;
226015265;4918486952;4918486938;
226015265;4918486938;42456049;
226015265;42456049;4918486942;
226015265;4918486942;4918486095;
226015265;4918486095;42429986;
226015265;42429986;4918486923;
226015265;4918486923;4918486817;
226015265;4918486817;42431661;
226015265;42431661;4918486813;
226015265;4918486813;4918486801;
226015265;4918486801;42455675;
226015265;42455675;42447237;
226015265;42447237;42437451;
226015265;42437451;42431684;
226015265;42431684;42455695;
226015265;42455695;4215940674;
226041012;596775907;42445941;
226041012;42445941;42440951;
226041013;4862610026;42448338;
226041013;42448338;596775907;
226041028;42435680;1758380526;
226041028;1758380526;2435108436;
226041028;2435108436;42428305;
226041030;42428310;3977886865;
226041030;3977886865;3974095849;
226041030;3974095849;42435687;
226041031;42435687;5481883907;
226041031;5481883907;5481882139;
226041031;5481882139;2351532367;
226041031;2351532367;42445025;
226041031;42445025;3463815148;
226041031;3463815148;42454042;
226041031;42454042;42454046;
226041031;42454046;595269418;
226041031;595269418;42430707;
226041031;42430707;5481838629;
226041031;5481838629;5481839004;
226041031;5481839004;4872429936;
226041031;4872429936;61275601;
226041031;61275601;42453564;
226041032;42440015;3463817009;
226041032;3463817009;3932923803;
226041032;3932923803;1828749425;
226041032;1828749425;5481907463;
226041032;5481907463;3974096359;
226041032;3974096359;2723627039;
226041032;2723627039;3971302313;
226041032;3971302313;42430371;
226041033;2348991701;3308681111;
264546995;42448326;4918486750;
264546995;4918486750;4918486772;
264546995;4918486772;4942628131;
264546995;4942628131;42455119;
265356028;2710239362;42430742;
265356028;42430742;5481877871;
265356028;5481877871;3998699930;
265356028;3998699930;42431563;
265356028;42431563;3998699928;
265356028;3998699928;42431560;
265356028;42431560;2351532384;
265356028;2351532384;4546351675;
265356028;4546351675;2698702583;
265356028;2698702583;4546351674;
265356028;4546351674;42431556;
265356028;42431556;42428328;
265356028;42428328;4544455460;
265356028;4544455460;1792535230;
265356028;1792535230;2653473644;
265356028;2653473644;42431549;
265356028;42431549;4544486782;
265356028;4544486782;3932923804;
265356028;3932923804;1814471103;
265356028;1814471103;4544486781;
265356028;4544486781;42430378;
265356028;42430378;42431544;
308322446;42435716;42428332;
308322447;42428332;4544455461;
308322447;4544455461;42440025;
308322447;42440025;42430390;
308322447;42430390;4347534777;
308322447;4347534777;42427764;
308322448;42428332;3369517480;
308322448;3369517480;3369517474;
308322448;3369517474;42428329;
318474882;247223720;3248816568;
318474882;3248816568;247222681;
318474882;247222681;5307238004;
318474882;5307238004;5307238001;
318474882;5307238001;1420634177;
318474882;1420634177;5307238005;
318474882;5307238005;1420634187;
318474882;1420634187;5307238007;
318474882;5307238007;595703448;
318474882;595703448;595703452;
318474882;595703452;42457788;
318476060;1420632765;595703385;
318476063;561950063;4332563032;
318476063;4332563032;2059303810;
318476063;2059303810;247221963;
319793821;3262539788;3262539787;
319793821;3262539787;3262539786;
319793821;3262539786;5118031093;
319793821;5118031093;3262539785;
319793822;3262539789;3262539788;
320584278;42445247;42443009;
320584278;42443009;42445236;
320584278;42445236;42445232;
320584278;42445232;42445230;
320584278;42445230;596776021;
320584278;596776021;42445227;
321166656;3278932321;3278932322;
321166656;3278932322;3278932323;
321166656;3278932323;3278932324;
321166656;3278932324;3278932325;
321166656;3278932325;3278932326;
321166656;3278932326;3278932327;
321166656;3278932327;3278932328;
321166656;3278932328;3278932329;
324118553;3308681106;3308681105;
324118554;42428315;4322008112;
324118554;4322008112;3308681107;
324118554;3308681107;3308681106;
324118555;3308681105;3308681104;
324118555;3308681104;42440015;
324118556;3308681111;3308681110;
324118556;3308681110;42435707;
324118557;42445033;3308681112;
324118557;3308681112;3874596369;
324118557;3874596369;2348991701;
324118558;42435707;3308681109;
324118558;3308681109;3308681108;
324118558;3308681108;42428315;
330157985;3371135637;5118031092;
330157985;5118031092;1241760168;
330157986;3371135638;1241760158;
330177562;3371304370;3371304371;
330177562;3371304371;3371304372;
330177562;3371304372;3371304373;
330748464;247221963;2059303809;
330748464;2059303809;3377460352;
330748465;3377460352;2059303808;
330748465;2059303808;1420631978;
330748465;1420631978;42431280;
346613530;42443320;3690549744;
346613530;3690549744;5117963660;
346613530;5117963660;42435261;
358290454;42424089;4918486789;
358290454;4918486789;4918486117;
358290454;4918486117;42442961;
375163661;1775201764;4199091722;
375163661;4199091722;4918486783;
375163661;4918486783;42455119;
375164210;3785586743;3785586750;
375164210;3785586750;3785586751;
375164210;3785586751;3785586752;
375164210;3785586752;3785586753;
375164210;3785586753;3785586754;
375164210;3785586754;3785586755;
375164210;3785586755;3785586756;
375164210;3785586756;3785607857;
375164210;3785607857;3785607858;
375164210;3785607858;3785607859;
375164210;3785607859;3785586748;
375165500;42449971;42442961;
375165501;42449971;4716936970;
375165501;4716936970;4918486104;
375165501;4918486104;4288677093;
375165664;42432856;42449971;
375165665;42432856;3785612258;
375165665;3785612258;42432861;
375165665;42432861;4215909068;
375165666;42449979;4716936969;
375165666;4716936969;4716936968;
375165666;4716936968;4798293332;
375165666;4798293332;4798293334;
375165666;4798293334;42436519;
375165666;42436519;42449982;
382740985;42440015;3463817008;
382740985;3463817008;3977886878;
382740985;3977886878;42440012;
382740985;42440012;3977886876;
382740985;3977886876;4784141039;
382740985;4784141039;4784141040;
382740985;4784141040;3977886870;
382740985;3977886870;42440009;
382740985;42440009;3977886867;
382740985;3977886867;3977886862;
382740985;3977886862;42440004;
385446610;3887931468;1420632746;
385446617;1420632746;247221966;
385446617;247221966;4332677089;
385446617;4332677089;561949937;
385446617;561949937;1420632727;
385446617;1420632727;42424899;
385446617;42424899;2216963578;
385446617;2216963578;2216963569;
385446617;2216963569;2216963564;
385446617;2216963564;247221967;
385446617;247221967;4332677109;
385446617;4332677109;42424609;
385446617;42424609;42423677;
386465168;3898029174;3898029175;
387128267;42429334;5402547522;
387128267;5402547522;42447132;
387128267;42447132;42435509;
387128267;42435509;42447126;
387128267;42447126;5402547521;
387128267;5402547521;42439399;
387128267;42439399;42447115;
387128267;42447115;42438498;
387128267;42438498;42447105;
387128267;42447105;5402545375;
387128267;5402545375;42436917;
387128267;42436917;42446466;
387128267;42446466;5402539614;
387128267;5402539614;42447084;
387128267;42447084;42430060;
387128267;42430060;42439559;
387128267;42439559;42438798;
387128267;42438798;4207313528;
387128267;4207313528;3562587895;
387128267;3562587895;42436484;
387128267;42436484;3562587896;
387128267;3562587896;42445232;
387128267;42445232;42429688;
387128267;42429688;42447076;
387128267;42447076;3278932317;
387128267;3278932317;42431678;
387128267;42431678;3278932316;
387128267;3278932316;42437433;
387128267;42437433;42447069;
387128267;42447069;42447060;
388696206;42432825;596775935;
388696207;42432825;4960527243;
388696207;4960527243;42445947;
388696207;42445947;42445950;
419922376;3785582163;4199108058;
419922376;4199108058;4199098159;
420276995;1061531509;1061531447;
420276995;1061531447;5117972560;
420276995;5117972560;4491377965;
420276995;4491377965;1061531685;
420276995;1061531685;5117963654;
420276995;5117963654;42443320;
420276996;42435250;1061531509;
420281338;42436701;3977886248;
420281338;3977886248;42436700;
420281339;42436701;3977886242;
420281339;3977886242;3977886246;
420281339;3977886246;42445936;
420357249;42455119;4918486774;
420357249;4918486774;4202960389;
420496091;42447060;42431654;
420496091;42431654;42429976;
420496091;42429976;42447030;
420496091;42447030;42436516;
420496091;42436516;42447020;
420806145;4288677093;4918486100;
420806145;4918486100;4716936971;
420806145;4716936971;42449979;
420890022;4207815982;42435716;
420890023;42435716;1792549689;
420890024;4207815980;42435707;
420890025;42435707;4207815981;
420890026;4207815979;42435705;
420890027;4207815981;42435710;
420890028;42435705;4207815980;
420890029;42435710;42431556;
420892262;42445039;4207837427;
420892263;42445037;4207837426;
420892264;4207837426;42431560;
420892265;4207837425;42440960;
420892266;4207837427;42445037;
420892267;4207837428;42445039;
420892268;42440934;4207837428;
420892269;42440960;4207837424;
420892270;4207837422;3463815152;
420892270;3463815152;42445027;
420892271;1815133244;3463810248;
420892271;3463810248;4207837422;
420892272;42445033;3463810251;
420892272;3463810251;4207837423;
420892273;4207837423;3463810250;
420892273;3463810250;1815133244;
420892274;4207837424;3463810252;
420892274;3463810252;42445033;
420892275;42431560;2957303781;
420892275;2957303781;4207837425;
420897874;42435250;4207881093;
420899371;4207892895;4207892896;
420899372;42430394;4796245033;
420899372;4796245033;4796245036;
420899372;4796245036;4207892895;
420899373;4207892897;4347550074;
420905128;4207938835;3971302309;
420905128;3971302309;42430367;
420905129;4207938836;3383400749;
420905129;3383400749;3977886875;
420905129;3977886875;42440012;
420905130;42430367;3971302310;
420905130;3971302310;4016646235;
420905130;4016646235;3971196635;
420905130;3971196635;3932923801;
420905130;3932923801;1828749427;
420905130;1828749427;4207938836;
420906745;4207952794;42432825;
420906750;4207952793;3977886253;
420906750;3977886253;42445941;
420906752;42445941;3977886857;
420906752;3977886857;4215905389;
420907903;4207957615;42432589;
420907906;42432589;42435684;
420907906;42435684;42435687;
420907906;42435687;42435702;
420907906;42435702;4207815979;
420908137;4207978589;4782363329;
420908137;4782363329;2782279879;
420908137;2782279879;42440001;
420908138;42440001;2782279859;
420908138;2782279859;1745991214;
420908138;1745991214;3971196629;
420908138;3971196629;3971196627;
420908138;3971196627;42430358;
421850829;42443612;4207952794;
421850830;4215905389;4960527241;
421850830;4960527241;42443612;
421851202;371037281;4215909069;
422298615;42440313;3976008176;
422298615;3976008176;3976008174;
422298615;3976008174;42427762;
422298615;42427762;3976008171;
422298615;3976008171;42432818;
425335557;1061531429;42428570;
439801901;4557482266;1825841680;
439801901;1825841680;1825841678;
439801901;1825841678;1825841730;
439801901;1825841730;1825841688;
439801901;1825841688;1825841739;
439801901;1825841739;1825841745;
439801901;1825841745;1825841755;
439801901;1825841755;1825841651;
439801901;1825841651;4347550071;
439801902;1825841700;1825841721;
439801902;1825841721;1825841709;
439801902;1825841709;1825841743;
439801903;4347550071;1825841654;
439801903;1825841654;1825841748;
439801903;1825841748;1825841647;
439801903;1825841647;1825841652;
439801903;1825841652;1825841687;
439801903;1825841687;4347550065;
439933933;42431556;42435714;
452322366;1061531685;5117963656;
452322366;5117963656;42435257;
452322756;42428303;2435108461;
452322756;2435108461;42435677;
452322756;42435677;2351532371;
452322756;2351532371;42445020;
452322756;42445020;42452365;
452322756;42452365;593921860;
455678353;4288677093;4960527251;
455678353;4960527251;4960532293;
455678353;4960532293;3785591384;
455678353;3785591384;3785591386;
455678353;3785591386;3785591387;
455678353;3785591387;3785591388;
455678353;3785591388;42424089;
458180191;42436700;3977886247;
458180191;3977886247;3977886244;
458180191;3977886244;42446353;
458180191;42446353;3977886240;
458180191;3977886240;3977886238;
458180191;3977886238;42440452;
458180191;42440452;3977886232;
458180191;3977886232;3977886226;
458180191;3977886226;42440153;
458180196;42445936;3977886249;
458180196;3977886249;4207952793;
458180197;42450426;3977886254;
458180197;3977886254;3977886251;
458180197;3977886251;42436700;
458180198;42445953;4796291645;
458180198;4796291645;4347534784;
458180198;4347534784;4347534783;
458180199;42445953;42436511;
458180199;42436511;2792781447;
458180199;2792781447;2792781461;
458180199;2792781461;42445961;
458180199;42445961;2792781454;
458180199;2792781454;42429971;
458180199;42429971;2792781459;
458180199;2792781459;2792783182;
458180199;2792783182;42431650;
458180199;42431650;2792783180;
458180199;2792783180;2792783184;
458180199;2792783184;42445972;
458180200;42447020;5475605296;
458452178;4544486779;4544486780;
458642436;4546109658;4546109662;
458672836;4546351677;4546351682;
460065820;1825841743;1825841736;
460065820;1825841736;1825841729;
460065820;1825841729;1825841693;
460065820;1825841693;1825841749;
460065820;1825841749;1825841673;
460065820;1825841673;4557482266;
460065821;1825841742;1825841695;
460065821;1825841695;1825841675;
460065821;1825841675;1825841694;
460065821;1825841694;1825841731;
460065821;1825841731;1825841699;
460065821;1825841699;42449707;
460065821;42449707;1825841715;
460065821;1825841715;1825841697;
460065821;1825841697;1825841746;
460065821;1825841746;1825841753;
460065821;1825841753;1825841732;
460065821;1825841732;1825841754;
460065822;1825841754;1825841741;
460065822;1825841741;1825841655;
460065822;1825841655;2653531887;
460065822;2653531887;1825841701;
460065822;1825841701;1825841713;
460065822;1825841713;1825841724;
460065822;1825841724;1825841751;
460065822;1825841751;1825841649;
460065822;1825841649;1825841722;
460065822;1825841722;1825841650;
460065822;1825841650;1825841679;
460065822;1825841679;1825841708;
460065822;1825841708;4347733129;
460065822;4347733129;1825841726;
460065822;1825841726;1825841681;
460065822;1825841681;1825841704;
460065822;1825841704;1825841684;
460065822;1825841684;1825841735;
460065822;1825841735;1825841737;
460065822;1825841737;1825841700;
460067515;4491377964;4491377963;
460067515;4491377963;42443313;
460067515;42443313;3262539785;
460067515;3262539785;1241742563;
460067515;1241742563;42421974;
460067515;42421974;1241742749;
460067515;1241742749;1241742627;
460067515;1241742627;42440934;
460585328;42455751;42437371;
460585328;42437371;42454433;
460585328;42454433;42443563;
460585328;42443563;42432706;
460585328;42432706;42455761;
460585328;42455761;42452365;
460585328;42452365;42443534;
460585328;42443534;42432598;
460585328;42432598;42440170;
460585328;42440170;42454042;
460585328;42454042;42446363;
460585328;42446363;42449550;
460585328;42449550;42450434;
461593095;42443000;42431681;
461593096;42431681;42437445;
461593096;42437445;42442983;
461593096;42442983;42442977;
461593096;42442977;42431659;
461593096;42431659;42429981;
461593096;42429981;42442963;
461593096;42442963;4918486108;
461593096;4918486108;42436527;
464516471;42430342;42430344;
464516471;42430344;3944708054;
464516471;3944708054;42430347;
464516471;42430347;3944708059;
464516471;3944708059;42430350;
464516471;42430350;3971196607;
464516471;3971196607;3971196618;
464516471;3971196618;42430352;
464516471;42430352;3971196622;
464516471;3971196622;42430356;
464516471;42430356;3971196625;
464516471;3971196625;42430358;
464516471;42430358;3971196628;
464516471;3971196628;42430361;
465000799;42443615;42432856;
477823038;4544486783;4544486782;
496986969;42430384;5402554392;
496986969;5402554392;3932923797;
496986969;3932923797;42440022;
496986970;42423674;42440025;
496986970;42440025;4794775922;
496986970;4794775922;42440022;
496989355;42431549;3463817014;
496989355;3463817014;42440020;
496989355;42440020;3463817012;
496989355;3463817012;4784141035;
496989355;4784141035;4784141037;
496989355;4784141037;3463817010;
496989355;3463817010;42440015;
497165753;596775951;596775907;
497165753;596775907;596775919;
497165753;596775919;3977886235;
497165753;3977886235;596775900;
497165753;596775900;3977886228;
497165753;3977886228;596775914;
497165753;596775914;596775876;
497165754;596775935;42432834;
497165756;100522741;100522728;
497165756;100522728;42448811;
497165756;42448811;42438886;
497165756;42438886;3977886195;
497165756;3977886195;42459098;
497165756;42459098;3977886199;
497165756;3977886199;42440456;
497165756;42440456;42452875;
497165756;42452875;3977886227;
497165756;3977886227;42436703;
497165756;42436703;3977886231;
497165756;3977886231;42456611;
497165756;42456611;42448338;
497165756;42448338;42443613;
497165757;42432834;42432847;
497251085;42449982;5373594221;
497251085;5373594221;42442963;
497251085;42442963;42423752;
497251086;42449982;42429980;
497251086;42429980;42431656;
497251086;42431656;42449985;
497258108;42430384;42430390;
497258108;42430390;42430394;
497258109;42432818;42430384;
499172074;42440951;3971302314;
499172074;3971302314;42430375;
499172074;42430375;3971302315;
499172074;3971302315;2723627045;
499172074;2723627045;3974096366;
499172074;3974096366;3932923800;
499172074;3932923800;1828749423;
499172074;1828749423;3463817011;
499172074;3463817011;42440020;
499172074;42440020;3463817013;
499172074;3463817013;3463816117;
499172074;3463816117;4544455459;
499172074;4544455459;42428321;
499172074;42428321;3463816118;
499172074;3463816118;4546109662;
499172074;4546109662;42435710;
499172074;42435710;5357799203;
499172074;5357799203;2351532377;
499172074;2351532377;42440960;
499172074;42440960;3998699924;
499172074;3998699924;42440966;
499172074;42440966;3998699926;
499172074;3998699926;42430739;
499172074;42430739;5481880260;
499172074;5481880260;5481839858;
499172074;5481839858;3874682460;
499172074;3874682460;247123611;
499172074;247123611;61275380;
499172074;61275380;42440973;
499172074;42440973;247120348;
505582406;42435714;4546351682;
505582406;4546351682;4546351685;
505582406;4546351685;2698702581;
505778913;42432847;42432856;
528748997;42443612;596775951;
528748997;596775951;42443613;
528748997;42443613;42443614;
528748997;42443614;42443615;
534878087;5186208518;3632340936;
534878087;3632340936;371037281;
534878088;5186208519;5186208518;
539018144;371034158;1775176474;
541331485;42445936;596775919;
541331773;42445227;42445225;
541350711;42430375;42430378;
541350711;42430378;42430384;
542258337;42430356;3971196623;
542258337;3971196623;4782506031;
542258337;4782506031;3971196624;
542258337;3971196624;1745991212;
542258337;1745991212;4782363332;
542258337;4782363332;42432585;
542371971;42421972;1061531777;
542371971;1061531777;42421969;
543905773;42431674;2792787024;
543905773;2792787024;596776017;
544616716;3944770806;42423742;
544616716;42423742;3785591429;
544616716;3785591429;3785591430;
544616716;3785591430;371036301;
544616716;371036301;3785591431;
544616716;3785591431;3785591432;
544616716;3785591432;371036520;
544616716;371036520;3785591433;
544616716;3785591433;2089938150;
544616716;2089938150;3785591434;
544616716;3785591434;371036302;
544616716;371036302;3785591435;
544616716;3785591435;3785591436;
544616716;3785591436;1775181597;
544616716;1775181597;3785591437;
544616716;3785591437;3785591438;
544616716;3785591438;3785591440;
544616716;3785591440;3785591439;
544616716;3785591439;3785591441;
544616716;3785591441;42423747;
544616717;42423747;371034162;
555303393;5357799203;5357799204;
557138784;5373593520;5373594221;
557139276;5373598784;5373598785;
557142127;5373626267;3116856947;
557391521;5375679279;5375679280;
566857135;595703341;247224177;
566857135;247224177;247224176;
566857135;247224176;3377460323;
566857135;3377460323;30978759;
566857135;30978759;4332562577;
566857135;4332562577;3391966026;
566857135;3391966026;3377460331;
566857135;3377460331;4332562558;
566857135;4332562558;4332562575;
566857135;4332562575;4332563033;
566857135;4332563033;4332562555;
566857135;4332562555;247224174;
566857135;247224174;561950077;
566857135;561950077;4332563030;
566857135;4332563030;561950065;
569345468;42447009;4960527249;
569345468;4960527249;2165157809;
569345468;2165157809;4918486102;
569345468;4918486102;4288677093;
569345474;42447009;5475605297;
569345480;5475605296;42447009;
569345486;5475605297;42447007;
569345499;42447007;2165157806;
569345499;2165157806;42449971;
569345502;42447007;42432847;
569345502;42432847;42443614;
569345502;42443614;4862610026;
569345502;4862610026;42446998;
569345536;5475605301;42430361;
569345537;42430361;3974095843;
569345537;3974095843;42430363;
569345537;42430363;3974095844;
569345537;3974095844;4016646232;
569345537;4016646232;3976008169;
569345537;3976008169;42430367;
569345537;42430367;3971302311;
569345537;3971302311;3977886868;
569345537;3977886868;42430371;
569345537;42430371;3974095847;
569345537;3974095847;42430375;
569345538;42430361;3971196631;
569345538;3971196631;3932923796;
569345538;3932923796;1828749428;
569345538;1828749428;5475605302;
569345539;5475605302;42440004;
569345540;42440004;3977886861;
569345540;3977886861;3977886860;
569345540;3977886860;42440001;
569345540;42440001;3977886256;
569345540;3977886256;4782363334;
569345540;4782363334;2435108438;
569345540;2435108438;42432585;
569345540;42432585;2435108458;
569345540;2435108458;42439996;
569345541;42440004;3977886864;
569345541;3977886864;4322008115;
569345541;4322008115;42428310;
570152305;5481875128;5481875126;
570152305;5481875126;5481875125;
570152306;42421974;5481875128;
570152306;5481875128;5481875127;
570153853;5481881552;5481881551;
570153853;5481881551;5481881550;
570153854;5481881554;5481881550;
570153854;5481881550;5481881553;
570153854;5481881553;5481881552;
570153860;5481881552;5481882139;
570154519;5481883907;5481883906;
570154520;5481883911;5481883909;
570154521;5481883912;5481883911;
570154521;5481883911;5481883910;
570154521;5481883910;5481883908;
570155060;5481886056;5481886054;
570155061;5481886057;5481886056;
570155061;5481886056;5481886055;
570158316;5481907463;5481907462;
573228988;596775935;596775951;
573228989;42443613;42432834;
573229550;42440022;4794775937;
573229550;4794775937;4794775939;
573229550;4794775939;42431549;
