8366889;1676280555;3130312334;
8366889;3130312334;25620759;
8366893;747467609;25620516;
8366893;25620516;25620518;
8366896;25620516;2379077834;
8366896;2379077834;2379077831;
8366896;2379077831;25620692;
8366896;25620692;2378366854;
8366896;2378366854;1386051842;
8366901;25620948;1386051850;
8366901;1386051850;3442647353;
8366901;3442647353;1386051854;
8367058;25632225;2848372007;
8367058;2848372007;25632226;
8367058;25632226;25632228;
8367089;2247375546;1387283705;
8367089;1387283705;2383470264;
8367098;25620570;2914696272;
8367098;2914696272;3130312342;
8367098;3130312342;25632376;
8367104;2912188495;2912188486;
8367104;2912188486;2912188492;
8367104;2912188492;2912188490;
8367104;2912188490;2912188496;
8367104;2912188496;2937870610;
8367104;2937870610;129533454;
8367104;129533454;25632417;
8367104;25632417;3392939485;
8367104;3392939485;2937870609;
8367104;2937870609;3690635855;
8367104;3690635855;25632401;
8367104;25632401;1209790922;
8367104;1209790922;25632402;
8367104;25632402;3392939470;
8367104;3392939470;3694518900;
8367104;3694518900;2366154047;
8367104;2366154047;25632403;
8367104;25632403;2366154016;
8367104;2366154016;2366098060;
8367104;2366098060;25632404;
8367104;25632404;3392939463;
8367104;3392939463;3392939462;
8367104;3392939462;1278184346;
8367114;25632398;2934507844;
8367114;2934507844;2934507846;
8367114;2934507846;2934507845;
8367114;2934507845;2934507843;
8367114;2934507843;3695776123;
8367114;3695776123;3690626645;
8367114;3690626645;25632410;
8367114;25632410;2829209749;
8367114;2829209749;25632411;
12300169;129558976;4529130486;
12300169;4529130486;286969936;
12300169;286969936;2209932686;
12300169;2209932686;4529131597;
12300169;4529131597;111481848;
12300169;111481848;4529131600;
12300169;4529131600;3392710676;
12300169;3392710676;111481849;
12300169;111481849;4529131608;
12300169;4529131608;2262128243;
13836129;452682265;2904508475;
13836129;2904508475;2904508476;
13836129;2904508476;2904508477;
13836129;2904508477;3130312330;
13836129;3130312330;25632376;
14326464;129557542;2214758555;
14326464;2214758555;2247054929;
14326464;2247054929;2681412872;
14326464;2681412872;3130311624;
14326464;3130311624;2086439968;
14326464;2086439968;2086439969;
14326464;2086439969;2086440304;
14326464;2086440304;4529953563;
14326464;4529953563;129557601;
14326464;129557601;2213587968;
14326464;2213587968;2213587966;
14326464;2213587966;1684844050;
14326464;1684844050;129544876;
14326487;2247054934;2681412874;
14326487;2681412874;2247054935;
14326487;2247054935;3130311625;
14326487;3130311625;4327756510;
14326493;128680158;2247390934;
14326493;2247390934;129558556;
14326493;129558556;2247390923;
14326493;2247390923;2247390925;
14326493;2247390925;1788784977;
14326493;1788784977;2247390939;
14326493;2247390939;1788784981;
14326493;1788784981;314549177;
14326493;314549177;2213447626;
14326493;2213447626;2214522449;
14326558;129544876;3130312344;
14326558;3130312344;2214758559;
14326558;2214758559;2209225419;
14326558;2209225419;3457211715;
14326558;3457211715;25620960;
14326558;25620960;2209225447;
14326558;2209225447;3130312335;
14326558;3130312335;2245520913;
14326558;2245520913;3554720424;
14326572;25632376;2904549010;
14326572;2904549010;2896384685;
14326572;2896384685;958308578;
14326572;958308578;2904532298;
14326572;2904532298;1676280585;
14326572;1676280585;2896384667;
14326572;2896384667;2893310955;
14326733;137831888;2413940881;
14326733;2413940881;2413446290;
14326733;2413446290;2413446263;
14326733;2413446263;137831884;
14326733;137831884;137831881;
14326733;137831881;2413950281;
14326733;2413950281;1693766989;
14326733;1693766989;1693766970;
14326733;1693766970;137831876;
14326733;137831876;1693766987;
14326733;1693766987;137831873;
14326733;137831873;2414401910;
14326733;2414401910;1684844451;
14326733;1684844451;1386063691;
14327318;137882131;2222190811;
14327318;2222190811;4612504733;
14327318;4612504733;1594804691;
14327318;1594804691;2218529670;
14327351;137882131;4621647257;
14327351;4621647257;4621715682;
14327351;4621715682;2208476303;
14327351;2208476303;4751755898;
14327351;4751755898;4751755899;
14327351;4751755899;2208891172;
14327351;2208891172;2208891134;
14327438;137896681;2307191876;
14327438;2307191876;2222393786;
14327505;2222393786;2307175467;
14327505;2307175467;137884299;
14327505;137884299;3387597817;
14327505;3387597817;2307219736;
14327505;2307219736;2307219747;
14327868;137903872;2307244299;
14327868;2307244299;4529953524;
14327868;4529953524;2925345692;
14327868;2925345692;137896681;
14327876;137896681;2925430330;
14327876;2925430330;2925430342;
14327876;2925430342;137903876;
14327876;137903876;2925398536;
14327876;2925398536;137903879;
14327876;137903879;2208891134;
14328446;129555296;4452315911;
14328446;4452315911;4720971830;
14328446;4720971830;25632438;
14328446;25632438;25632432;
14328446;25632432;4356494325;
14328446;4356494325;25632433;
14328446;25632433;3688730541;
14328446;3688730541;25632412;
14328446;25632412;3688730540;
14328446;3688730540;2926953947;
14328446;2926953947;2926953948;
14328446;2926953948;2978059160;
14328446;2978059160;2978059161;
14328446;2978059161;2829209747;
14328446;2829209747;4356494324;
14328446;4356494324;25632409;
14328446;25632409;4529952477;
14328446;4529952477;3695911150;
14328446;3695911150;1278184335;
14333465;138220017;3392711326;
14333465;3392711326;2246222543;
14333465;2246222543;2246222537;
14333465;2246222537;2246222534;
14333465;2246222534;2246222541;
14333465;2246222541;2246222517;
14333465;2246222517;2246222523;
14333465;2246222523;2246222545;
14333465;2246222545;138220134;
14333474;138220019;3392711327;
14333474;3392711327;2246222552;
14333474;2246222552;2246222551;
14333474;2246222551;2246222547;
14333474;2246222547;2246222549;
14333500;138222054;286969310;
14333500;286969310;138222057;
14333500;138222057;2214758550;
14333500;2214758550;2681412869;
14333500;2681412869;3387597830;
14333500;3387597830;129544876;
14333733;138230335;138230334;
14333733;138230334;2927035119;
14333733;2927035119;2927035117;
14333733;2927035117;2927035126;
14333733;2927035126;138230332;
14333733;138230332;2204210205;
14333733;2204210205;3387597081;
14333733;3387597081;2076734382;
14333733;2076734382;2204179799;
14333888;1278184346;3392939461;
14333888;3392939461;2937936475;
14333888;2937936475;2204100028;
14333888;2204100028;2204099885;
14333888;2204099885;3392939454;
14333888;3392939454;3392939453;
14333888;3392939453;5476716952;
14333888;5476716952;2934456326;
14333888;2934456326;4097873948;
14333888;4097873948;3993126224;
26119759;25632414;25632410;
26119759;25632410;2829209750;
26119759;2829209750;5327096246;
26119759;5327096246;3996636589;
26119759;3996636589;25632409;
26119844;1684844453;4526972153;
26119844;4526972153;1684844436;
26119844;1684844436;4526972156;
26119844;4526972156;1684844433;
26119844;1684844433;2247371507;
26119844;2247371507;1684844417;
26119844;1684844417;2379389151;
26119844;2379389151;1684844412;
26119862;2413940881;3392711334;
26119862;3392711334;1554886157;
26119862;1554886157;2273291010;
26119862;2273291010;285939347;
26119862;285939347;2273290986;
26119862;2273290986;2273291018;
26119862;2273291018;285939317;
26119862;285939317;25632371;
26119880;1386051849;1386063709;
26119900;25620743;2354378407;
26119900;2354378407;25620737;
26119900;25620737;1386051849;
26207695;286968481;3392939454;
26207695;3392939454;286968789;
26207695;286968789;2335762665;
26207695;2335762665;4488753662;
26207695;4488753662;286968787;
26207784;2213482415;286969308;
26207784;286969308;475796332;
26207784;475796332;286969310;
26207794;2213321426;286969400;
26207794;286969400;286969399;
26207794;286969399;286969398;
26207794;286969398;286969397;
26207794;286969397;286969396;
26207794;286969396;286969395;
26207794;286969395;286969394;
26207794;286969394;1279795690;
26207794;1279795690;286969393;
26207794;286969393;475549048;
26207794;475549048;286969392;
26207794;286969392;286969391;
26207794;286969391;286969390;
26207794;286969390;286969389;
26207794;286969389;475550561;
26207794;475550561;475737524;
26207885;286969936;4681665499;
26207885;4681665499;286969938;
26207885;286969938;286969939;
26207885;286969939;2469350601;
26207885;2469350601;286969940;
26207885;286969940;475555187;
26207885;475555187;286969970;
26207885;286969970;2915025624;
26207885;2915025624;286970027;
26207885;286970027;2213037941;
26207885;2213037941;1296455172;
26207885;1296455172;286969943;
28193881;1554886175;343646802;
28193881;343646802;137831888;
28618235;475552091;475552092;
28618235;475552092;2213218025;
28618235;2213218025;2213218013;
28618235;2213218013;2213218028;
28618235;2213218028;2213321429;
30417987;2222393786;2222393782;
30417987;2222393782;2222393784;
30417987;2222393784;4614805774;
30417987;4614805774;4614795578;
30417987;4614795578;137882131;
30417989;5051610943;1143317472;
30417989;1143317472;138230335;
30912936;25632224;343646801;
31060211;25620518;345295625;
31060211;345295625;2852022741;
31060211;2852022741;2852022761;
31060242;345296684;2379012474;
31060242;2379012474;2730124809;
31060242;2730124809;2730124813;
31060242;2730124813;2379012444;
31060242;2379012444;345296686;
31060242;345296686;2379012458;
31060242;2379012458;25632367;
31573135;2208891134;4751755900;
31573135;4751755900;2208891061;
31573135;2208891061;4744083580;
31573135;4744083580;1554874570;
31573135;1554874570;2325018399;
31573135;2325018399;2325018422;
31573135;2325018422;2325018426;
31573135;2325018426;2325018379;
31573135;2325018379;2325018383;
31573135;2325018383;2325018420;
31573135;2325018420;2325018389;
31573135;2325018389;2135998880;
31573135;2135998880;138233991;
31573135;138233991;5175588788;
31573135;5175588788;138234198;
34607518;25620653;25620570;
34607518;25620570;1106006327;
34607518;1106006327;2893389981;
34607518;2893389981;25620759;
34607518;25620759;2246086928;
34607518;2246086928;2246054719;
34607518;2246054719;25620737;
34607518;25620737;25620947;
34607518;25620947;3388020773;
34607518;3388020773;3388020769;
34607518;3388020769;25620960;
34683791;137831896;137831895;
35171965;138234198;2466949472;
35171965;2466949472;5175588787;
35171965;5175588787;4556366835;
35171965;4556366835;1684843635;
35171965;1684843635;138231433;
35171965;138231433;1548165654;
35171965;1548165654;2207661589;
35171965;2207661589;2207661591;
35171965;2207661591;2207661590;
35171965;2207661590;5051610943;
35203817;25632368;1684844618;
35203817;1684844618;2379315789;
35203817;2379315789;2379376386;
35203817;2379376386;25632367;
35203817;25632367;2379351710;
35203817;2379351710;2379351709;
35203817;2379351709;2379279844;
35203817;2379279844;25620518;
38336628;2242805402;3130311628;
38336628;3130311628;25632419;
38336628;25632419;2904549004;
38336628;2904549004;2904498647;
38336628;2904498647;129545993;
38336628;129545993;129545994;
38336628;129545994;2242804359;
38336628;2242804359;452682265;
38336628;452682265;1676280588;
38336628;1676280588;2912153175;
38336628;2912153175;1110698263;
38336628;1110698263;2912153177;
38336628;2912153177;452682249;
38336643;25632399;2975180445;
38336643;2975180445;25632398;
39658536;475405130;3695780373;
39658536;3695780373;2937881611;
39658536;2937881611;475405131;
39658629;1684844803;475406851;
39658831;475410116;1788785406;
39658831;1788785406;3891282335;
39658831;3891282335;3891282336;
39658831;3891282336;3690885656;
39658831;3690885656;2293611903;
39658831;2293611903;2473711658;
39668434;25620948;475544038;
39668434;475544038;1684844083;
39668434;1684844083;3387597836;
39668434;3387597836;3387597834;
39668434;3387597834;1684844050;
39668885;4097873927;4097873928;
39668885;4097873928;3978884718;
39668885;3978884718;3388020783;
39668885;3388020783;5476716964;
39668885;5476716964;2354158012;
39668885;2354158012;4945762790;
39668885;4945762790;4945762789;
39669069;2213482387;2213482379;
39669069;2213482379;2213482407;
39669069;2213482407;2213482442;
39669069;2213482442;475548530;
39669178;2213482442;2213495315;
39669178;2213495315;2213495295;
39669178;2213495295;2213495280;
39669178;2213495280;2213495375;
39669178;2213495375;475549313;
39669178;475549313;475550565;
39669178;475550565;475549314;
39669178;475549314;475549315;
39669178;475549315;475796338;
39669178;475796338;138223440;
39669207;475549495;475549497;
39669207;475549497;2213321456;
39669380;2213380800;475550923;
39670022;2255178540;2255280881;
39670022;2255280881;2255280883;
39670022;2255280883;2213201783;
39670022;2213201783;2213201789;
39670022;2213201789;2213201795;
39670022;2213201795;2213201786;
39670022;2213201786;2213201790;
39670022;2213201790;2213201784;
39670022;2213201784;2213201785;
39670022;2213201785;2213201788;
39670022;2213201788;2915025634;
39670022;2915025634;2213201787;
39670022;2213201787;2213201792;
39670022;2213201792;2213131483;
39670043;2213131520;475556854;
39670043;475556854;475556853;
39670043;475556853;475556852;
39670043;475556852;3391597632;
39670043;3391597632;3391597633;
39670043;3391597633;2915001115;
39670043;2915001115;1107381197;
39670043;1107381197;2256129231;
39670043;2256129231;2256129244;
39670043;2256129244;2256129242;
39670043;2256129242;2256129233;
39670043;2256129233;2256129232;
39670412;475555577;475561161;
39670412;475561161;2213334724;
39670412;2213334724;2213321463;
39670422;129558556;2382520653;
39670422;2382520653;2382520652;
39670422;2382520652;2382520651;
39670422;2382520651;2382520662;
39670422;2382520662;1788784965;
39670422;1788784965;2247390916;
39670422;2247390916;4529953574;
39670422;4529953574;475561164;
39670422;475561164;2213321507;
39670422;2213321507;2213218020;
39670422;2213218020;2213334713;
39670422;2213334713;2213334712;
39670422;2213334712;2213334714;
39670422;2213334714;2213334725;
39670422;2213334725;2213334720;
39670422;2213334720;2213334721;
39670422;2213334721;2213334724;
39670508;475568776;475561984;
39670508;475561984;1684844117;
39670508;1684844117;475561985;
39670508;475561985;475561986;
39670508;475561986;475561987;
39670508;475561987;2255178516;
39670508;2255178516;4529953571;
39670508;4529953571;2255075997;
39670518;2255075997;2255178502;
39670518;2255178502;4595511223;
39670518;4595511223;4595511222;
39670518;4595511222;2255178474;
39670518;2255178474;4595511221;
39670518;4595511221;2255178490;
39670518;2255178490;2255178513;
39670518;2255178513;2255178518;
39670518;2255178518;4595511220;
39670518;4595511220;2255178527;
39670518;2255178527;2255178540;
39670518;2255178540;475555577;
39670525;2213201783;1112148216;
39670525;1112148216;2255425784;
39670525;2255425784;2255364514;
39670525;2255364514;2255364501;
39670525;2255364501;2489771464;
39682329;475737524;3392711318;
39682329;3392711318;475737526;
39682329;475737526;475737527;
39682329;475737527;475737529;
39682329;475737529;3387597082;
39682329;3387597082;475737531;
39685406;2204446901;2204447005;
39685406;2204447005;2204446966;
39685406;2204446966;2204446951;
39685406;2204446951;2204446942;
39685406;2204446942;2206208148;
39690284;5051610943;4673335534;
39690284;4673335534;2466286891;
39690284;2466286891;2466286885;
39690284;2466286885;2205504451;
39690472;475876236;475876237;
39690472;475876237;2205918899;
39690472;2205918899;475876238;
39690472;475876238;2356692360;
39690472;2356692360;475876239;
39690472;475876239;475876242;
39690472;475876242;475877747;
39701842;1143317472;3392939431;
39701842;3392939431;2204446917;
39701842;2204446917;2205076702;
39701846;2466286913;4925408906;
39701846;4925408906;4925408905;
39701846;4925408905;2205504451;
51230332;1554886175;3098121120;
51230332;3098121120;3098121124;
51230332;3098121124;128680158;
59525257;25632229;25632230;
59525257;25632230;2413971718;
59525257;2413971718;25632224;
59525260;137982795;5494270495;
59525260;5494270495;5284385982;
59525260;5284385982;5284385983;
59525260;5284385983;3446686441;
59525260;3446686441;1684865554;
59525260;1684865554;3446686443;
59525260;3446686443;25632278;
59525260;25632278;25632279;
59525260;25632279;5284385984;
59525260;5284385984;25632225;
60175223;2893310955;2893310959;
60175223;2893310959;2893310957;
60175223;2893310957;2893310958;
60175223;2893310958;2893310956;
60175223;2893310956;747467615;
60175223;747467615;1106006327;
60175223;1106006327;2378186481;
60175224;1386051845;2246088571;
60175224;2246088571;4526972150;
60175224;4526972150;2378113695;
60175224;2378113695;2378113687;
60175590;25632422;2261413157;
60175590;2261413157;475406853;
60175590;475406853;2366079052;
60175590;2366079052;25632421;
60175590;25632421;3130312340;
60175590;3130312340;958309720;
60175590;958309720;2896411050;
60175590;2896411050;1676280580;
60175590;1676280580;2904530087;
60175590;2904530087;2242805402;
60175941;2893310955;1684844825;
60175941;1684844825;3130312329;
60175941;3130312329;2896411045;
60175941;2896411045;1105966159;
60175941;1105966159;747478280;
60175941;747478280;3130311627;
60175941;3130311627;747478309;
60175941;747478309;2365191005;
60175941;2365191005;475406849;
60175941;475406849;2261413154;
60175941;2261413154;1676280555;
60175941;1676280555;286969224;
98835856;4925459193;4925459189;
98835856;4925459189;4925459192;
98835856;4925459192;4925459191;
98835856;4925459191;4552662441;
98835856;4552662441;1143318426;
107430880;1234709031;2086432786;
107430880;2086432786;1234709025;
107430880;1234709025;3392711329;
107430880;3392711329;2247240229;
107430880;2247240229;2247240242;
107430880;2247240242;2247240246;
107430880;2247240246;2247240235;
110334887;129558976;4679272915;
110334887;4679272915;1279795709;
110334887;1279795709;475555174;
110334887;475555174;475555175;
110334887;475555175;1279795688;
110334887;1279795688;475552091;
112064480;4556255874;1274830124;
112064480;1274830124;4556236525;
112064480;4556236525;5175588786;
112064480;5175588786;1274830123;
112064480;1274830123;138234198;
112448957;111481288;2356350502;
112448957;2356350502;2356536980;
112448957;2356536980;4529130481;
112448957;4529130481;129559334;
112465238;1278184335;4529952474;
112465238;4529952474;4356494332;
112465238;4356494332;1278184350;
112465240;286969224;2365195081;
112465240;2365195081;3130312336;
112465240;3130312336;3130312332;
112465240;3130312332;2366079039;
112465240;2366079039;25632422;
112465243;1278184346;1278184331;
112465243;1278184331;2366098499;
112465243;2366098499;1684844700;
112465243;1684844700;3392939460;
112465243;3392939460;2204100014;
112465243;2204100014;3392939459;
112465243;3392939459;4529952486;
112465243;4529952486;2352603829;
112631100;2213131596;2213112078;
112631100;2213112078;475555187;
112631504;475548530;475549051;
112631504;475549051;475550923;
112631504;475550923;475551227;
112631504;475551227;475549495;
112631504;475549495;2211383251;
112635323;345296684;3392711333;
112635323;3392711333;3392711331;
112635323;3392711331;2086439489;
112635323;2086439489;2383617372;
112635323;2383617372;1684844430;
124539825;285944799;1386063707;
124539825;1386063707;1386063701;
124539828;1386051854;4526972149;
124539828;4526972149;1386051847;
124539828;1386051847;2378366856;
124539828;2378366856;2378366886;
124539828;2378366886;2378366848;
124539828;2378366848;2378366860;
124539828;2378366860;2378366846;
124539828;2378366846;1386051842;
125102901;2208891083;5476716948;
125102901;5476716948;4027074709;
125102901;4027074709;5476716947;
125102901;5476716947;5476716949;
125102901;5476716949;2927055765;
125102901;2927055765;1390263738;
125102902;1390263696;2721972082;
125102902;2721972082;4921101771;
125102902;4921101771;2721972096;
125102902;2721972096;2721972098;
125102902;2721972098;1390263684;
125102904;1390263755;2927055779;
125102904;2927055779;2927055762;
125102904;2927055762;2721972084;
125102904;2721972084;4920992108;
128825637;25632368;1684844640;
128825637;1684844640;2383414389;
128825637;2383414389;1684844657;
128825637;1684844657;1422586944;
128825637;1422586944;2383414357;
128825637;2383414357;2383421998;
128825637;2383421998;2383422000;
128825637;2383422000;2383414298;
128825637;2383414298;1422586945;
128825637;1422586945;2383414359;
128825637;2383414359;2383414331;
128825637;2383414331;2383414300;
128825637;2383414300;2383414250;
128825637;2383414250;2383414260;
128825638;2852022748;2852022754;
128825638;2852022754;2852022755;
128825638;2852022755;2852022756;
128825638;2852022756;2852022745;
128825638;2852022745;2852022761;
128825638;2852022761;2852022747;
128825638;2852022747;2852022760;
128825638;2852022760;2852022742;
128825638;2852022742;2852022762;
128825638;2852022762;2852022744;
128825638;2852022744;2852022752;
128825638;2852022752;2852022751;
128825638;2852022751;2852022758;
128825638;2852022758;2725098084;
128825638;2725098084;5284385993;
128825638;5284385993;5284385994;
128825638;5284385994;343646798;
128825638;343646798;3092699108;
128825638;3092699108;2852022749;
128825638;2852022749;2852022764;
128825638;2852022764;2852022757;
128825638;2852022757;2852022759;
128825638;2852022759;2852022743;
128825638;2852022743;345296263;
128825638;345296263;2852022748;
128825640;2852022741;3896080939;
128825640;3896080939;25632365;
128825640;25632365;2875005868;
128825641;25632366;5284385992;
128825641;5284385992;25632292;
128825641;25632292;1110698257;
128825641;1110698257;5054999102;
128825641;5054999102;25632293;
128825643;2852022750;4716543451;
128825643;4716543451;25632366;
141444180;1548165654;1548165659;
141444180;1548165659;2204210208;
141444180;2204210208;2466742471;
141444180;2466742471;2466943669;
141444180;2466943669;2466742472;
141444180;2466742472;138231433;
142214758;2208891059;4488753663;
142214758;4488753663;5476716945;
142214758;5476716945;129553667;
142214759;2335399819;4529953527;
142214759;4529953527;4529953533;
142214759;4529953533;2202026123;
142214759;2202026123;3891282331;
142214759;3891282331;4529953538;
142214759;4529953538;129553667;
142214759;129553667;2202026124;
142214759;2202026124;4529953537;
142214759;4529953537;3993126454;
142214759;3993126454;3392939436;
142214759;3392939436;475410116;
142214759;475410116;138234852;
142214763;2208891059;4529953547;
142214763;4529953547;2208686199;
142214763;2208686199;2208686190;
142214763;2208686190;2208686206;
142214763;2208686206;3992990333;
142214763;3992990333;3992990337;
142214763;3992990337;3992990334;
154505299;2216360362;2216360315;
154505299;2216360315;2216360296;
154505299;2216360296;4558796667;
154505299;4558796667;4558796666;
154505299;4558796666;4558796673;
156208916;1684844554;1684844596;
156208916;1684844596;475408774;
156209004;475406849;2365195104;
156209004;2365195104;2365195098;
156209004;2365195098;2365186271;
156209004;2365186271;1684844803;
156209004;1684844803;2365195091;
156209004;2365195091;1684844798;
156209004;1684844798;2242805785;
156209004;2242805785;1684844785;
156209004;1684844785;286969224;
156209009;25632422;1684844771;
156209009;1684844771;2242805783;
156209009;2242805783;2366079031;
156209009;2366079031;1684844794;
156209009;1684844794;1684844797;
156209009;1684844797;2366079045;
156209009;2366079045;2366079051;
156209009;2366079051;475406853;
167487357;452682249;2912153173;
167487357;2912153173;2896727653;
167487357;2896727653;25632376;
167487388;974882854;2884965107;
167487388;2884965107;1788786281;
167487388;1788786281;1788786107;
167487388;1788786107;1788786094;
167487388;1788786094;1788786086;
167487388;1788786086;1788786097;
167487388;1788786097;1788786128;
167487388;1788786128;1788786143;
167487388;1788786143;1788786155;
167487388;1788786155;2884825975;
167487388;2884825975;1788786305;
167487388;1788786305;2884965105;
167487388;2884965105;974882842;
167487397;1788784962;1788784961;
167487468;1788786062;1788786080;
167487491;2255087253;1788784968;
167487491;1788784968;1788784963;
167487491;1788784963;1788784962;
167487536;1788786097;1788786062;
167487536;1788786062;1788786020;
167487536;1788786020;1788786041;
167487536;1788786041;1788786080;
167487536;1788786080;1788786109;
167487536;1788786109;1788786155;
174689856;1110698267;3694908966;
174689856;3694908966;25632445;
174689856;25632445;25632414;
174689857;25620947;2246033646;
174689857;2246033646;25620948;
190128487;138234852;2337036559;
190128487;2337036559;138235495;
190128487;138235495;3993126224;
190128487;3993126224;3554720444;
190128487;3554720444;3554720446;
190128487;3554720446;25620747;
190128490;1386051842;1684844453;
197434949;129559333;2319991795;
197434949;2319991795;1390263696;
197464423;1684844453;2246222549;
197464424;1684844453;2681416135;
197464424;2681416135;2077034851;
197464424;2077034851;345296684;
197464424;345296684;2077034852;
197464424;2077034852;2383470259;
197464424;2383470259;2383414313;
198515209;2383427198;2086436548;
198515209;2086436548;2383427210;
198515209;2383427210;1684844512;
198515210;2383414313;2383452377;
198515210;2383452377;2383452379;
198515210;2383452379;2383452386;
198515507;2383626819;2086439487;
198515507;2086439487;2086439488;
198515507;2086439488;2383626807;
198515507;2383626807;2383626811;
198515507;2383626811;2383626829;
198515579;2086439972;2246172379;
198515579;2246172379;2246172380;
198515579;2246172380;2246172378;
198515579;2246172378;2086439969;
198515580;2086439970;3392711324;
198515580;3392711324;3392711325;
198515580;3392711325;2086439973;
198515580;2086439973;3392711323;
198515580;3392711323;2086439972;
198515581;2086439968;2086439971;
198515581;2086439971;2086439974;
198515581;2086439974;2086439970;
198515632;2086440304;2086440300;
198515632;2086440300;2086440306;
198515632;2086440306;2086440308;
198515632;2086440308;4529953566;
198515632;4529953566;2086440302;
198515632;2086440302;138220017;
200967938;137831888;2109261121;
200967938;2109261121;2413446305;
200967938;2413446305;2109261123;
206720845;2204099938;4356494329;
206720845;4356494329;4356494327;
206720845;4356494327;25632400;
206720845;25632400;25632401;
206720845;25632401;2464461320;
206720845;2464461320;3392939480;
206720845;3392939480;2904530067;
206720845;2904530067;1676280584;
206720845;1676280584;1788785841;
206720845;1788785841;25632419;
206720846;129553665;3891282353;
206720846;3891282353;2375804624;
206720846;2375804624;2322744401;
206720846;2322744401;4529953496;
206720846;4529953496;129553875;
206720846;129553875;4529953502;
206720846;4529953502;129554561;
206720846;129554561;2308862124;
207724051;25632416;4356495991;
207724051;4356495991;3694660030;
207724051;3694660030;475405136;
207724051;475405136;25632399;
207724055;25632399;4529952466;
207724055;4529952466;25632400;
207724065;25632414;3694747849;
207724065;3694747849;4356495992;
207724065;4356495992;2204100015;
210073259;1386063709;1386063705;
210073259;1386063705;285945202;
210073259;285945202;2383323187;
210073259;2383323187;285944799;
210328130;3392939459;3392939458;
210328130;3392939458;2352607507;
210328130;2352607507;3692670689;
210328130;3692670689;2352603847;
210328130;2352603847;2352603833;
210328137;2204100015;4356495993;
210328137;4356495993;2940944687;
210328138;2204099947;3392939452;
210328138;3392939452;2740798807;
210328138;2740798807;2204100002;
210328138;2204100002;2204099972;
210328138;2204099972;2352867953;
210328138;2352867953;2352867947;
210328138;2352867947;2352867945;
210328138;2352867945;2352867951;
210328138;2352867951;2352867950;
210328147;475408774;2204099989;
210328147;2204099989;286968481;
210328149;2204099858;4529953552;
210328149;4529953552;5118553691;
210328149;5118553691;2208686217;
210336696;3392939436;3392939435;
210336696;3392939435;2925471785;
210336696;2925471785;2204179817;
210336696;2204179817;2204179963;
210336696;2204179963;2243316090;
210336696;2243316090;2243316041;
210336696;2243316041;2243316074;
210336697;138233064;4027068552;
210336697;4027068552;4027068570;
210336698;2204179799;2204179990;
210336698;2204179990;2204179954;
210336698;2204179954;2204179952;
210336707;2204179963;2204179820;
210336707;2204179820;3993021524;
210336707;3993021524;4097873936;
210336707;4097873936;3993021523;
210339821;2204210316;2926993939;
210339821;2926993939;2926993940;
210339821;2926993940;2204210283;
210339821;2204210283;3387597068;
210339821;3387597068;2204210207;
210339822;1548165659;2204210263;
210339822;2204210263;2466715276;
210339822;2466715276;2466943130;
210339822;2466943130;2466715273;
210339822;2466715273;2466715278;
210339822;2466715278;2204210273;
210339822;2204210273;3392939428;
210339822;3392939428;2927076257;
210346011;1274830100;5342917063;
210346011;5342917063;4556236529;
210346011;4556236529;2204255126;
210346011;2204255126;2204255056;
210346011;2204255056;2204255037;
210346011;2204255037;2927137133;
210346011;2927137133;2204255125;
210346011;2204255125;2927137116;
210346011;2927137116;3392939426;
210365854;475873985;3392711308;
210365854;3392711308;475876246;
210365858;2206208148;2270441292;
210365858;2270441292;2270441291;
210365858;2270441291;2270441288;
210365858;2270441288;2270441289;
210365858;2270441289;2270441293;
210365858;2270441293;2270441290;
210365858;2270441290;2206208144;
210365858;2206208144;475876236;
210365858;475876236;2204446886;
210365858;2204446886;2204446938;
210365858;2204446938;5320177921;
210365858;5320177921;3387597811;
210365858;3387597811;2356731137;
210365858;2356731137;3092601790;
210365861;476009975;3387597056;
210365861;3387597056;2204446939;
210365861;2204446939;3387597057;
210365861;3387597057;129559334;
210365864;475876246;3387597069;
210365864;3387597069;2204446947;
210365864;2204446947;2204447000;
210365864;2204447000;2204447002;
210365864;2204447002;2204446921;
210365864;2204446921;2204446977;
210365864;2204446977;2204446981;
210365864;2204446981;2204446983;
210365864;2204446983;2204446907;
210365864;2204446907;2204446866;
210365864;2204446866;2204446953;
210365864;2204446953;2204446974;
210365864;2204446974;2204446937;
210365864;2204446937;2204446861;
210365864;2204446861;476009975;
210444158;2256217209;2466263947;
210444158;2466263947;2205627342;
210444160;475873985;2205076669;
210444160;2205076669;2205076695;
210444160;2205076695;2205076660;
210444160;2205076660;2205076670;
210444161;2205076678;2204446946;
210444161;2204446946;1143318547;
210444161;1143318547;475873985;
210444168;2205076702;2205076678;
210507317;2204446937;2205918468;
210507317;2205918468;2205918681;
210507317;2205918681;2205918851;
210507317;2205918851;2205918807;
210507317;2205918807;2205918495;
210507317;2205918495;2205918409;
210507317;2205918409;2206194705;
210541437;1684843635;2466943132;
210831460;2204099858;4027091849;
210831460;4027091849;2208686220;
210831460;2208686220;3130312347;
210841125;2204100015;4356495990;
210841125;4356495990;2940931372;
210841125;2940931372;25632416;
210851328;2208891134;1554874616;
210851328;1554874616;2208891049;
210851328;2208891049;4925189617;
210851328;4925189617;2208891083;
210851328;2208891083;2208891198;
210851328;2208891198;2208891030;
210851328;2208891030;2208891162;
210851328;2208891162;2208891126;
210851328;2208891126;3392939433;
210851328;3392939433;2208891144;
210851328;2208891144;2208891067;
210851328;2208891067;2208891039;
210851328;2208891039;2208891038;
210851328;2208891038;2208891042;
210851328;2208891042;2208891057;
210851328;2208891057;1556436651;
210851328;1556436651;2208891025;
210851328;2208891025;2243071720;
210851328;2243071720;2208891059;
211119459;3457190272;4679272904;
211119459;4679272904;129558976;
211119460;2211241776;2211264997;
211119460;2211264997;2211264991;
211119460;2211264991;2211264998;
211119461;2211264999;2211265001;
211119461;2211265001;2211264995;
211119461;2211264995;2211264990;
211119461;2211264990;2211241776;
211292798;475552091;2213112135;
211292798;2213112135;2213112085;
211292798;2213112085;2213112121;
211292806;2213112078;3392711299;
211292806;3392711299;2213099864;
211292806;2213099864;2213112107;
211292806;2213112107;2213112099;
211297734;2213112121;2213131478;
211297734;2213131478;2213131477;
211297734;2213131477;2217981208;
211297734;2217981208;2213131476;
211297734;2213131476;2213131428;
211297734;2213131428;2213131564;
211297734;2213131564;2213131562;
211297734;2213131562;2213131558;
211297734;2213131558;2213131485;
211297734;2213131485;2213131616;
211297734;2213131616;2213131568;
211297734;2213131568;2213131556;
211297734;2213131556;2213131498;
211297734;2213131498;2213131570;
211297734;2213131570;2213131594;
211297734;2213131594;2213131596;
211297737;2213131485;2213131581;
211297737;2213131581;2213131503;
211297737;2213131503;2213131488;
211297737;2213131488;2213131527;
211297737;2213131527;2213131573;
211297737;2213131573;2213131471;
211297737;2213131471;2213131541;
211297737;2213131541;2213131500;
211297737;2213131500;2213131492;
211297737;2213131492;2213131522;
211297742;2213131522;2213131426;
211297742;2213131426;2213131518;
211297742;2213131518;2213131506;
211297742;2213131506;2213131483;
211297742;2213131483;2213131560;
211297742;2213131560;2213131481;
211297742;2213131481;2217981203;
211297742;2217981203;2213131520;
211297746;2213131478;2213131437;
211297746;2213131437;2213131611;
211297746;2213131611;2213131516;
211297746;2213131516;2213131480;
211297746;2213131480;2213131459;
211297746;2213131459;2213131472;
211297746;2213131472;2213131570;
211309273;475561161;2213218035;
211309273;2213218035;2213218016;
211314340;2213321452;2213321423;
211314340;2213321423;475552096;
211314340;475552096;475551223;
211314340;475551223;1676191729;
211314340;1676191729;2213380771;
211314340;2213380771;2213380807;
211314340;2213380807;2213380800;
211314340;2213380800;2213380797;
211314340;2213380797;2213380816;
211314340;2213380816;2213380818;
211314340;2213380818;2213435143;
211314340;2213435143;2213435120;
211314340;2213435120;2213435196;
211314340;2213435196;2213435177;
211314340;2213435177;2213435167;
211314340;2213435167;2213435124;
211314340;2213435124;2213447626;
211317178;2213321463;2213321442;
211317178;2213321442;2213321487;
211317178;2213321487;2213321491;
211317178;2213321491;2213321403;
211317178;2213321403;2213321384;
211317178;2213321384;2213321455;
211317178;2213321455;475552096;
211317179;2213321463;2213321498;
211317181;2213321420;2213321443;
211317181;2213321443;2213321459;
211317181;2213321459;2213321456;
211317181;2213321456;2213321502;
211317181;2213321502;2213321452;
211317181;2213321452;2213321439;
211317181;2213321439;2213321512;
211317181;2213321512;2213321500;
211317181;2213321500;2213321514;
211317181;2213321514;2213321490;
211317181;2213321490;2213321493;
211317181;2213321493;2213321475;
211317181;2213321475;2213321473;
211317181;2213321473;2213321498;
211317181;2213321498;2213321440;
211317181;2213321440;2213321482;
211317181;2213321482;2213321488;
211317181;2213321488;2213321446;
211317181;2213321446;2213321447;
211317181;2213321447;2213321429;
211317181;2213321429;2213321419;
211317181;2213321419;2213321495;
211317181;2213321495;2213321484;
211317181;2213321484;2213321426;
211317181;2213321426;2213321409;
211317181;2213321409;2213321420;
211337863;2213482387;2213482419;
211337863;2213482419;2213482412;
211337863;2213482412;129557542;
211337875;2213482407;2213482461;
211337875;2213482461;2213482440;
211337875;2213482440;2213482432;
211337875;2213482432;2213482457;
211337875;2213482457;2213482408;
211337875;2213482408;2213482415;
211337879;2213482442;2213482393;
211337879;2213482393;2213482447;
211337879;2213482447;2213482466;
211337879;2213482466;2213482420;
211337879;2213482420;2213482433;
211337879;2213482433;2213482415;
211436103;2214522449;475548529;
211436103;475548529;3130312337;
211436103;3130312337;129557542;
211482370;1274830100;2214936721;
211482370;2214936721;4556236525;
211483668;2214936721;4556247648;
211641909;2216241578;5175588785;
211641909;5175588785;138234198;
211641911;138231424;2216241588;
211641911;2216241588;4488753798;
211641911;4488753798;138231425;
211641911;138231425;4555727046;
211641911;4555727046;138231426;
211641911;138231426;1594849179;
211641911;1594849179;4488753800;
211641911;4488753800;138231427;
211641911;138231427;4488753801;
211641911;4488753801;2216241578;
211737444;1670512103;2217013297;
211737444;2217013297;2217013304;
211737444;2217013304;2217013344;
211737444;2217013344;2217013324;
211737444;2217013324;2217013378;
211737444;2217013378;2217013347;
211737444;2217013347;2216473539;
211898766;137888646;2218334752;
211898766;2218334752;2218334795;
211898766;2218334795;2218334768;
211898766;2218334768;2218334802;
211898766;2218334802;2218334767;
211898766;2218334767;2218334780;
211898766;2218334780;2218334781;
211898766;2218334781;2218334786;
211898766;2218334786;2218334761;
211898766;2218334761;2218334757;
211898766;2218334757;2218334793;
211898766;2218334793;2218334760;
211898766;2218334760;2218334801;
211898766;2218334801;2218430262;
211898766;2218430262;4621517983;
211898766;4621517983;2218430233;
211898766;2218430233;2218430241;
211898766;2218430241;2218430250;
211898766;2218430250;2218430249;
211898766;2218430249;2218430251;
211898766;2218430251;2218430236;
211898766;2218430236;2218430261;
211898766;2218430261;2218430228;
211898766;2218430228;2218430244;
211898766;2218430244;2218430231;
211898766;2218430231;2218430259;
211898766;2218430259;2218430260;
211898766;2218430260;2218430257;
211898766;2218430257;2218430248;
211898766;2218430248;4621710596;
211898766;4621710596;2325018408;
211898766;2325018408;2325018404;
211898766;2325018404;2325018389;
211898767;2218430236;2218430235;
211898767;2218430235;2218334762;
211898767;2218334762;4621710597;
211898767;4621710597;2218334789;
211898767;2218334789;2325018391;
211898767;2325018391;2325018426;
211898768;2218430250;4621518010;
211898768;4621518010;2218430254;
211898768;2218430254;4621710601;
211898768;4621710601;2325018406;
211898768;2325018406;4621518009;
211898768;4621518009;2325018399;
211898769;2218430228;2218430253;
211898769;2218430253;2218334798;
211898769;2218334798;4621710603;
211898769;4621710603;2325018385;
211898769;2325018385;2325018414;
211898769;2325018414;2325018383;
211898772;2218430261;2218430245;
211898772;2218430245;2218334784;
211898772;2218334784;4621710600;
211898772;4621710600;2218334797;
211898772;2218334797;2325018402;
211898772;2325018402;2325018412;
211898772;2325018412;2325018379;
211898774;2218430251;2218430243;
211898774;2218430243;2218334791;
211898774;2218334791;4621710604;
211898774;4621710604;2218334800;
211898774;2218334800;2325018393;
211898774;2325018393;2325018418;
211898774;2325018418;2325018422;
211905477;2218389456;4621618625;
211905477;4621618625;2218389428;
211911544;2218430244;2218430227;
211911544;2218430227;2218430225;
211911544;2218430225;4621710602;
211911544;4621710602;2325018388;
211911544;2325018388;2325018381;
211911544;2325018381;2325018420;
212361874;2222190811;2222190669;
212361874;2222190669;2222190802;
212361874;2222190802;2222190442;
215135703;2245520803;2245520905;
215135703;2245520905;2245520831;
215135703;2245520831;2245520886;
215135703;2245520886;4526972109;
215135703;4526972109;2245520859;
215135703;2245520859;2245520867;
215135703;2245520867;2245520840;
215135703;2245520840;2245520814;
215162241;2245786941;2245786939;
215162241;2245786939;2245786936;
215162241;2245786936;2245786950;
215162241;2245786950;4526972112;
215162241;4526972112;2245786960;
215162241;2245786960;2245786961;
215162241;2245786961;2245786929;
215162241;2245786929;2245786927;
215162243;25620747;4526972116;
215162243;4526972116;25620743;
215194131;2246222549;138220134;
215194131;138220134;25620948;
215200349;1386051849;2246086926;
215200349;2246086926;1386051845;
215200349;1386051845;1386051854;
215200352;2246086928;2246086899;
215200352;2246086899;2246086901;
215200352;2246086901;2246086889;
215200352;2246086889;2246086874;
215200352;2246086874;2246086879;
215200352;2246086879;3387597850;
215200352;3387597850;2681416140;
215200352;2681416140;2246086926;
215210562;138220017;138220019;
215210562;138220019;2246296620;
215210562;2246296620;2246296624;
215210562;2246296624;2246296603;
215210562;2246296603;2247054940;
215210562;2247054940;2378947607;
215210562;2378947607;2378947603;
215210562;2378947603;2246296607;
215301975;2246296620;2247054927;
215301975;2247054927;2247054936;
215301975;2247054936;2247054939;
215301975;2247054939;2247054916;
215301975;2247054916;2247054908;
215301975;2247054908;2247054917;
215301975;2247054917;2247054948;
215301975;2247054948;2247054920;
215301975;2247054920;2247054921;
215301975;2247054921;2247054918;
215301977;2247054918;2246296607;
215301977;2246296607;2247054932;
215301977;2247054932;2247054907;
215301977;2247054907;1684844412;
215301978;2247054935;2247054926;
215301978;2247054926;3387597822;
215301978;3387597822;2247054933;
215301978;2247054933;2247054949;
215301978;2247054949;2247054947;
215301978;2247054947;2247054911;
215301978;2247054911;2247054928;
215301978;2247054928;2247054929;
215301979;129557542;2247054930;
215301979;2247054930;2247054943;
215301979;2247054943;2247054934;
215309515;2247157848;2247157718;
215331280;2247371503;4526972160;
215331280;4526972160;2247375562;
215331280;2247375562;2247375568;
215331280;2247375568;2247375569;
215331280;2247375569;2247375546;
215331281;137831895;2247375557;
215331281;2247375557;2247371573;
215331281;2247371573;2247375538;
215331282;1234709025;3392711328;
215331282;3392711328;2247375543;
215331282;2247375543;2247375554;
215331282;2247375554;2247375536;
215331282;2247375536;2247375564;
215331285;2247375546;2247375571;
215331285;2247375571;2247375558;
215331285;2247375558;2247375555;
215331285;2247375555;137831896;
216159806;2255075997;2255087247;
216159806;2255087247;2255087256;
216159806;2255087256;4529953572;
216159806;4529953572;2255087253;
216159806;2255087253;2255087244;
216159806;2255087244;2255087258;
216159806;2255087258;1788784965;
216159806;1788784965;2382520663;
216159806;2382520663;2382520644;
216159806;2382520644;2382520647;
216159806;2382520647;314549177;
216269248;2205627342;2256214785;
216269248;2256214785;2256214788;
216269248;2256214788;2256214820;
216269248;2256214820;2256214807;
216269248;2256214807;2256214811;
216269248;2256214811;2256214795;
216269248;2256214795;2256214798;
216269248;2256214798;2256214824;
216269248;2256214824;2256214818;
216269248;2256214818;2256214792;
216269248;2256214792;2256214804;
216269248;2256214804;2205504451;
216483076;2511272020;2258215879;
216891254;137868887;3387597794;
216891254;3387597794;3688773918;
216891254;3688773918;3688773917;
216891254;3688773917;3387597070;
216891254;3387597070;3387597061;
216891254;3387597061;2211264999;
216891254;2211264999;129559334;
216891255;2209225443;2326546548;
216891255;2326546548;2208969603;
216891255;2208969603;137873037;
216969809;1684844412;285944429;
216969809;285944429;2247371499;
216969809;2247371499;1684844430;
216969809;1684844430;2247371503;
216969809;2247371503;4526972161;
216969809;4526972161;2247375545;
216969809;2247375545;2247371502;
216969809;2247371502;1684844424;
216969809;1684844424;137831896;
216972581;286969224;2245786953;
216972581;2245786953;2245786974;
216972581;2245786974;3130311626;
216972581;3130311626;25620743;
216972581;25620743;2245786941;
216972581;2245786941;3130312343;
216972581;3130312343;2245520814;
216972801;2245520814;2245520901;
216972801;2245520901;3554720424;
216972801;3554720424;2245520806;
216972801;2245520806;3554720425;
216972801;3554720425;3400530627;
216972801;3400530627;2245520808;
216972801;2245520808;3554720428;
216972801;3554720428;2245520803;
217344337;129559334;2211264998;
217344337;2211264998;2356350474;
217344337;2356350474;4529130488;
217344337;4529130488;285910556;
217344337;285910556;4529131591;
217344337;4529131591;111481561;
217344337;111481561;3392710685;
217344337;3392710685;111481563;
217344337;111481563;2206589844;
217344337;2206589844;4527005384;
217344337;4527005384;4199223989;
218019037;2273291010;3387597845;
218019037;3387597845;2273269614;
218019037;2273269614;2273269611;
218019037;2273269611;2273269616;
218019037;2273269616;2273269594;
218019037;2273269594;2273270806;
218019037;2273270806;2273269593;
218019037;2273269593;2273269612;
218019037;2273269612;2273269601;
218019037;2273269601;2273269592;
218019037;2273269592;2273269600;
218019037;2273269600;2273269597;
218019037;2273269597;2273269596;
218019037;2273269596;2273269608;
218019037;2273269608;2273269588;
218019037;2273269588;2273269621;
218019037;2273269621;2273269604;
218019037;2273269604;2273269602;
218019037;2273269602;2273269598;
218019037;2273269598;2273269607;
218019037;2273269607;2273269625;
218019037;2273269625;2273269609;
218019037;2273269609;2273269615;
218019037;2273269615;2273269619;
218019037;2273269619;2273269595;
218019037;2273269595;2273269617;
218019037;2273269617;2273269623;
218019037;2273269623;2273269603;
218019037;2273269603;2273269591;
218019037;2273269591;2273270801;
218019037;2273270801;2273270814;
218019037;2273270814;2273270804;
218019037;2273270804;2273270811;
218019037;2273270811;2273270808;
218019037;2273270808;2273270813;
218019037;2273270813;2273270807;
218019037;2273270807;2273270812;
218019037;2273270812;2273270799;
218019037;2273270799;2273270809;
218019037;2273270809;2273270806;
220232893;138234852;4526972121;
220232893;4526972121;286968787;
220232893;286968787;2204099947;
220232893;2204099947;475410511;
223053869;2927055788;2927055789;
223053869;2927055789;1390263750;
223053869;1390263750;1390263758;
223053869;1390263758;2927055780;
223053869;2927055780;2208650607;
223053869;2208650607;2927055777;
223053869;2927055777;2927055770;
223053869;2927055770;4025482697;
223053869;4025482697;2208650606;
223053869;2208650606;1390263755;
223053869;1390263755;4097873925;
223372788;2322744397;2322744390;
223372788;2322744390;2322744388;
223372788;2322744388;2322744393;
223372789;2322744417;2322744381;
223372791;2322744381;3392939443;
223372791;3392939443;2322744401;
223372794;2322744404;2322744417;
223372796;2322744393;2322744404;
223780992;2326546548;3891282119;
223780992;3891282119;3891282121;
223780992;3891282121;2326546549;
224749647;475410118;475410511;
224854242;2337036559;2337036563;
224854242;2337036563;3392939437;
224854242;3392939437;2337036560;
226432346;2352603833;2352603831;
226452170;2211383251;2211383286;
226452170;2211383286;475549048;
226624856;475408774;3130312338;
226909939;2356350502;2356350470;
226909939;2356350470;2356350494;
226909939;2356350494;4529130480;
226909939;4529130480;2356350497;
226909939;2356350497;2356350454;
226909939;2356350454;2356350457;
226909939;2356350457;2356350474;
227888232;1684844811;2365172868;
227888232;2365172868;2365191003;
227888232;2365191003;2365191001;
227888232;2365191001;2365191010;
227888232;2365191010;2365191005;
227888233;1684844816;2365172845;
227888233;2365172845;2365191012;
227888233;2365191012;2365191010;
227888233;2365191010;475406849;
227888235;2364998422;2365172845;
227888628;1684844785;2365195087;
227888628;2365195087;2365195102;
227888628;2365195102;2365195081;
227888631;25632422;3130312338;
227888631;3130312338;3130312345;
227888631;3130312345;1278184344;
227888631;1278184344;1278184346;
227888748;475406851;2365195083;
227888748;2365195083;2365195106;
227888748;2365195106;1684844808;
227888748;1684844808;475406852;
227888748;475406852;2365195094;
227888748;2365195094;1684844801;
227888748;1684844801;2365195076;
227888749;2365195076;1684844797;
227932388;2365622750;2365622831;
227932388;2365622831;2365622781;
227932388;2365622781;2365622818;
227932388;2365622818;2365622834;
227932388;2365622834;2365622739;
227932388;2365622739;2365622614;
227932388;2365622614;2365622638;
227932388;2365622638;2365622809;
227932391;2365622860;2365622854;
227932391;2365622854;2365622846;
227932391;2365622846;2365622719;
227932391;2365622719;2365622607;
227932391;2365622607;2365622672;
227932391;2365622672;2365622793;
227932394;2365622809;2365622764;
227932394;2365622764;2365622756;
227932394;2365622756;2365622802;
227932394;2365622802;2365622826;
227932394;2365622826;2365622790;
227932394;2365622790;2365622708;
227932399;2365622809;2365622770;
227932399;2365622770;2365622840;
227932399;2365622840;2365622849;
227932399;2365622849;2365622716;
227932399;2365622716;2365622784;
227932399;2365622784;2365622678;
227932399;2365622678;2365622629;
227932399;2365622629;2365622626;
227932399;2365622626;2365622712;
227932399;2365622712;2365622860;
227980132;2366079039;2366079032;
227980132;2366079032;2366079049;
227980132;2366079049;2366079047;
227980132;2366079047;1684844771;
227982906;25632402;2366083036;
227982906;2366083036;3392939472;
227982906;3392939472;2375816260;
227982906;2375816260;2366083037;
227982906;2366083037;3392939473;
227982906;3392939473;3392939476;
227982906;3392939476;3392939478;
227982906;3392939478;2242805402;
227991568;2366154016;2366154008;
227991568;2366154008;2366154010;
227991568;2366154010;2366154017;
227991568;2366154017;2366154009;
227991568;2366154009;2366154037;
228894146;3696366141;3696366137;
228894146;3696366137;3696366132;
228894146;3696366132;3696366136;
228894146;3696366136;2375516005;
228894146;2375516005;2375516006;
228894146;2375516006;2375515995;
228894146;2375515995;2375516010;
228894146;2375516010;3696366131;
228894146;3696366131;3696366139;
228894146;3696366139;3696366140;
228894146;3696366140;3696366135;
228894146;3696366135;3696366134;
228894146;3696366134;3696366133;
228894146;3696366133;3696366138;
228926086;2375804624;3392939450;
228926086;3392939450;2375767340;
228926086;2375767340;2375767348;
228926086;2375767348;3696295126;
228926087;3387597853;2375767339;
228926087;2375767339;3392939464;
228926087;3392939464;2926953947;
228926088;2926953948;3392939465;
228926088;3392939465;2375767346;
228926088;2375767346;2375767345;
228926091;2375767348;2375767350;
228926091;2375767350;2375767343;
228931095;129553665;3891282342;
228931095;3891282342;475413943;
228931095;475413943;2335432904;
228931095;2335432904;5320167751;
228931095;5320167751;129553667;
229184974;2378113687;747467619;
229194693;2378186481;2875262080;
229194693;2875262080;747467619;
229194693;747467619;2875262073;
229194693;2875262073;747467609;
229278901;345296686;3392711336;
229278901;3392711336;3392711335;
229278901;3392711335;2379012473;
229319074;2892143783;2892143782;
229319074;2892143782;2892143784;
229784702;2383318867;2383318850;
229784702;2383318850;2383318889;
229784702;2383318889;2383318843;
229784702;2383318843;2247375538;
229784704;3392711339;3392711338;
229784704;3392711338;2383270253;
229784704;2383270253;2383318859;
229784704;2383318859;2383318887;
229784704;2383318887;2383318851;
229784705;2383318859;2383318878;
229784705;2383318878;2383318876;
229784705;2383318876;2383318862;
229784705;2383318862;2383318844;
229784705;2383318844;2383318891;
229784705;2383318891;2383318852;
229784705;2383318852;2383318854;
229784705;2383318854;2383318904;
229784705;2383318904;2383318866;
229784705;2383318866;2383318888;
229784705;2383318888;2383318865;
229784705;2383318865;2383318870;
229784705;2383318870;2383270247;
229784709;2383318855;2383318861;
229784709;2383318861;2383318871;
229784709;2383318871;2383270261;
229784709;2383270261;2383318877;
229784709;2383318877;2383318853;
229784709;2383318853;2383318868;
229784709;2383318868;2383318900;
229784709;2383318900;2383318877;
229784712;2383318863;2383318892;
229784713;2383318892;2383318855;
229784714;2383318861;2383318857;
229784714;2383318857;2383318858;
229784714;2383318858;2383318873;
229784714;2383318873;2383318856;
229784714;2383318856;2383318885;
229784714;2383318885;2383318869;
229784714;2383318869;2383318893;
229784714;2383318893;2383318847;
229784714;2383318847;2383318871;
229784715;2383318850;2383318899;
229784715;2383318899;2383318874;
229784715;2383318874;2383318884;
229784716;2383318867;2383318863;
229802211;2383470264;2383470194;
229802211;2383470194;2383414313;
229816562;1684844512;2383603967;
229816562;2383603967;2383470264;
229817535;2247371499;2383617372;
229817535;2383617372;2383617349;
229817535;2383617349;2383617391;
229817535;2383617391;2383617325;
229817535;2383617325;2383617407;
229818921;2383414313;2383414370;
229818921;2383414370;25632368;
233006425;343646801;2413524264;
233006425;2413524264;2413524266;
233006425;2413524266;455341191;
233006425;455341191;2413467921;
233006425;2413467921;3392711339;
233006425;3392711339;2413524265;
233006425;2413524265;2109261123;
233006425;2109261123;137831884;
233007929;2413467921;2413467925;
233007929;2413467925;2413467923;
233055818;285944799;1554886148;
233055818;1554886148;1386063710;
233055818;1386063710;1386063713;
233055818;1386063713;1386063708;
233055818;1386063708;1386063694;
233055818;1386063694;1386063702;
233055818;1386063702;1386063696;
233055818;1386063696;285945203;
233057240;2413971718;2413971728;
233057240;2413971728;2413971706;
233057240;2413971706;3392711347;
233057240;3392711347;2413971719;
233057240;2413971719;3392711344;
233057240;3392711344;2413971717;
238829173;2466286913;2466286911;
238829173;2466286911;2466286893;
238829173;2466286893;2466286912;
238829173;2466286912;2466286889;
238829173;2466286889;2466286886;
238829173;2466286886;2466286891;
238831062;1143318426;2352661451;
238831062;2352661451;2466286908;
238831062;2466286908;2466286887;
238831062;2466286887;2466286900;
238831062;2466286900;2466286913;
238831761;2204446901;2204446946;
238873106;2466702735;2466702734;
238873106;2466702734;2466957785;
238873106;2466957785;2466957786;
238873106;2466957786;2204210266;
238912242;4558789393;4558789392;
238912242;4558789392;2467211956;
238912242;2467211956;2467211949;
238912242;2467211949;2467211937;
238912242;2467211937;2467211943;
238912242;2467211943;2467211972;
238912242;2467211972;2467211966;
238912242;2467211966;2467211960;
238912242;2467211960;2467211962;
238912242;2467211962;2927183102;
239593895;475410511;3392939455;
239593895;3392939455;4529953489;
239593895;4529953489;2352603829;
239593896;475410118;3690910082;
239593896;3690910082;3891282347;
239593897;2473711658;475410118;
258853579;137831895;2086432785;
258853579;2086432785;137831894;
258853579;137831894;2383626829;
258853579;2383626829;2247375538;
258853580;2247375538;2383318884;
258853580;2383318884;2247240235;
258853580;2247240235;2247375564;
258853580;2247375564;3098121112;
258853580;3098121112;1554886175;
259888928;2641682879;2273292142;
259888928;2273292142;2250794620;
259888928;2250794620;2273292282;
259888928;2273292282;3098121116;
259888928;3098121116;128680158;
267026311;343646798;3392711355;
267026311;3392711355;3392711354;
267026311;3392711354;2849912284;
275860210;4027068570;2204179952;
278570718;2829209747;3392939468;
278570718;3392939468;3392939469;
278570718;3392939469;2976736379;
278570718;2976736379;2829209748;
280786930;2848371499;2848372017;
280786930;2848372017;2848372034;
280786930;2848372034;2848372007;
280949034;2849744862;2849744849;
280966568;2725095084;2725095085;
280966568;2725095085;2849912276;
280966568;2849912276;2849912295;
280966568;2849912295;2849912279;
280966568;2849912279;2725095086;
280966568;2725095086;2725095087;
280966568;2725095087;2849912282;
280966568;2849912282;2849912277;
280966568;2849912277;2849912300;
280966568;2849912300;2725095088;
280966568;2725095088;2725095089;
280966568;2725095089;2725095084;
280966569;2725095084;2849912289;
280966569;2849912289;2849915301;
280966569;2849915301;2849915312;
280966569;2849915312;2849912284;
280966571;2849912284;2849912283;
280966571;2849912283;2849912287;
280966571;2849912287;2849912288;
280966571;2849912288;2725095088;
281224991;2852022760;2852022753;
281224991;2852022753;2852022746;
281224991;2852022746;2852022763;
281224991;2852022763;2852022750;
284770886;2725098084;2884777667;
284770886;2884777667;3392711356;
284770886;3392711356;2884777675;
284770886;2884777675;2884777660;
284770886;2884777660;2884777656;
284770886;2884777656;2884777664;
284770886;2884777664;2884777680;
284770886;2884777680;2884777654;
284770886;2884777654;2884777678;
284770886;2884777678;2884777653;
284770887;2884777653;2884777666;
284770887;2884777666;2884777684;
284770887;2884777684;2884777647;
284770887;2884777647;2884777673;
284770887;2884777673;2884777671;
284770887;2884777671;2884777681;
284770887;2884777681;2884777661;
284770887;2884777661;2884777651;
284770887;2884777651;2884777676;
284770887;2884777676;2884777662;
284770887;2884777662;2884777653;
284775782;2884825976;2884825983;
284775782;2884825983;2884825978;
284775782;2884825978;2884825989;
284775782;2884825989;2884825971;
284775782;2884825971;2884825979;
284775782;2884825979;2884825987;
284775782;2884825987;2884825970;
284775782;2884825970;2884825964;
284775782;2884825964;3392711359;
284775782;3392711359;2884825975;
284775785;2884825977;2884825976;
284775786;2725098084;3392711357;
284775786;3392711357;2884777646;
284775786;2884777646;2884825977;
286004317;2896384668;3392711352;
286004317;3392711352;2896384667;
286004375;2896384685;3392711353;
286004375;3392711353;2896384686;
286006222;2896411045;3387597859;
286006222;3387597859;2896411046;
286006222;2896411046;2896411051;
286006222;2896411051;2896411049;
286006222;2896411049;2896411047;
286006222;2896411047;2896407785;
286006222;2896407785;2896411050;
286754358;2464461320;3392939481;
286754358;3392939481;3392939483;
286754358;3392939483;2904248189;
286754358;2904248189;2904248183;
286754358;2904248183;2904248196;
286754358;2904248196;2904250603;
286754358;2904250603;2904248177;
286754358;2904248177;2904248195;
286754358;2904248195;2904248190;
286754358;2904248190;2904250601;
286754358;2904250601;2904248179;
286754358;2904248179;2904248180;
286754358;2904248180;2904248187;
286754361;2464461320;3392939482;
286754361;3392939482;3392939484;
286754361;3392939484;2904248192;
286754361;2904248192;2904250602;
286754361;2904250602;2904248181;
286754361;2904248181;2904248185;
286754361;2904248185;2904248178;
286754361;2904248178;2904248177;
286779044;2904498649;3392939488;
286779044;3392939488;3392939490;
286779044;3392939490;2904498647;
286782663;2904549008;3392939489;
286782663;3392939489;2904549010;
286782664;2904549004;2904549006;
286782664;2904549006;2904549005;
286782664;2904549005;3392939491;
286782664;3392939491;2904549009;
286782664;2904549009;2904549007;
288961296;2925076574;2925076569;
288961296;2925076569;2925076588;
288961296;2925076588;2925076575;
288961296;2925076575;2925076608;
288961296;2925076608;2925076564;
288961296;2925076564;2925076566;
288961296;2925076566;2925076587;
289161877;4556361546;1881170119;
289161877;1881170119;1881170124;
289161877;1881170124;1881170115;
289161877;1881170115;4556361545;
289161877;4556361545;1881170117;
289161877;1881170117;2216473539;
289161877;2216473539;138233991;
289165980;4621547671;4621536289;
289165980;4621536289;4621536294;
289165980;4621536294;4621547670;
290230302;2937881613;2937881611;
290230303;2937881612;2937881613;
290230304;475405136;2937881612;
294240864;2978059161;3392939467;
294240864;3392939467;2978059158;
294240865;2978059162;3392939466;
294240865;3392939466;2978059160;
304682487;25620960;2681412868;
304682487;2681412868;3130312346;
304682487;3130312346;2209225441;
304682487;2209225441;2209225431;
304682487;2209225431;2209225425;
304682487;2209225425;3457211714;
304682487;3457211714;2209225443;
304684297;3092601790;3092601796;
304684297;3092601796;2208159169;
304684297;2208159169;3554720399;
304684297;3554720399;137868887;
304684302;3554720418;2399723033;
304684302;2399723033;5118553704;
304684302;5118553704;3891282147;
304684302;3891282147;3554720402;
304684302;3554720402;3554720401;
304684302;3554720401;2319991800;
304684302;2319991800;2319991795;
304684788;3092618005;3092618006;
304684788;3092618006;2337036563;
307804459;3130312347;2208686218;
307804459;2208686218;4025528392;
307804459;4025528392;4025528394;
307804459;4025528394;4025528390;
307804459;4025528390;4025528395;
307804459;4025528395;2204100011;
307804460;3130312337;2213482396;
307804460;2213482396;2213482478;
307804460;2213482478;2213482387;
307804461;3130312347;3092601795;
307804461;3092601795;3130311623;
307804461;3130311623;129559333;
331655265;3387597068;3387597065;
331655265;3387597065;3387597064;
331655265;3387597064;3387597062;
331655265;3387597062;3387597072;
331655265;3387597072;3387597074;
331655265;3387597074;3387597076;
331655265;3387597076;3387597091;
332179488;3392939470;3392939471;
332179488;3392939471;2365622750;
337165204;25620737;3442647352;
337165204;3442647352;3442647353;
349620089;3092601790;129559333;
349620090;138230335;3397147923;
349620090;3397147923;2206233230;
349620090;2206233230;4925459193;
349620090;4925459193;2356731134;
349620090;2356731134;3092601790;
349620091;137873037;137868887;
349620094;3554720418;3554720414;
349620094;3554720414;3554720409;
349620094;3554720409;3554720402;
349620097;3554720444;3554720445;
349620097;3554720445;3554720447;
349620097;3554720447;2107054816;
349620097;2107054816;3554720449;
349620097;3554720449;3554720448;
349620097;3554720448;3554720446;
365020864;3690626633;3690626645;
365020865;3690626632;3690626633;
365020866;3690626632;3690626634;
365020866;3690626634;3690626626;
365020866;3690626626;3690626631;
365020866;3690626631;3690626641;
365020866;3690626641;3690626637;
365020866;3690626637;3690626628;
365020866;3690626628;3690626629;
365020866;3690626629;3690626644;
365020866;3690626644;3690624524;
365020866;3690624524;3690626643;
365020866;3690626643;3690626640;
365020866;3690626640;3690626642;
365020866;3690626642;3690626627;
365020866;3690626627;3690626639;
365020866;3690626639;3690624523;
365020866;3690624523;3690626630;
365020866;3690626630;3690626626;
365020867;3690626634;3690626646;
365020867;3690626646;3690626638;
365020867;3690626638;3690626625;
365020867;3690626625;3690626635;
365020867;3690626635;3690626636;
365021648;3690631033;3690631035;
365044226;3690885656;2335416031;
365044226;2335416031;3690885655;
365044226;3690885655;3690885657;
365044226;3690885657;3690885658;
365044424;3690887009;2473711658;
365047874;3690910080;3690910082;
365423939;2352603831;3392939456;
365423939;3392939456;3392939455;
365436693;3694518901;5476716960;
365436693;5476716960;3694518900;
365452182;3695777926;3694660029;
365461932;3694747850;3694747849;
365578411;3695777925;3695776123;
365578412;3694660029;3694660030;
365578413;3695777925;3695776124;
365578414;3695776124;3695777927;
365578951;3695780374;3695780372;
365578951;3695780372;3695780373;
365609533;3696119699;3696119700;
365609533;3696119700;3696119703;
365609534;3696119703;3696119701;
374346167;476019077;2466263948;
374346167;2466263948;2256217208;
374346167;2256217208;2256217209;
374346168;2211241776;3392711302;
374346168;3392711302;2211241852;
374346168;2211241852;3457190272;
374346169;2383414260;2383603996;
374346169;2383603996;1684844512;
374346170;1684844512;2383414272;
374346170;2383414272;2383414277;
374346170;2383414277;2383414305;
374346170;2383414305;2383414229;
374346170;2383414229;2383414313;
374346172;475737531;2209960614;
374346173;138223440;138222054;
385795770;1278184350;3891282355;
385795770;3891282355;129553665;
385795773;25632409;3996636592;
385795773;3996636592;5327096257;
385795773;5327096257;2375798737;
385795773;2375798737;129553665;
385795791;3092601795;2319991804;
385795791;2319991804;3554720418;
386286205;3896080933;3896080931;
386286206;2875005868;3896080933;
386286206;3896080933;2875151185;
394998026;3993126224;5476716951;
394998026;5476716951;4097873947;
394998026;4097873947;1277364250;
394998026;1277364250;2245353947;
394998026;2245353947;5476716944;
394998026;5476716944;3993117787;
394998026;3993117787;3993117789;
394998026;3993117789;5476716943;
394998026;5476716943;3993117788;
396485358;3992982896;3992982895;
400077009;2204179799;138230330;
400077009;138230330;2926981534;
400077009;2926981534;2926981543;
400077009;2926981543;1684889107;
400077009;1684889107;2352628868;
400077009;2352628868;138233064;
407752150;4097873919;4097873918;
407752152;4097873936;4097873935;
407752155;4097873917;4097873915;
407752155;4097873915;4097873916;
407752157;2337036560;4097873944;
407752157;4097873944;5476716954;
407752157;5476716954;5476716955;
407752157;5476716955;5476716953;
407752157;5476716953;4097873954;
407752157;4097873954;5476716957;
407752157;5476716957;5476716952;
407752157;5476716952;1684844554;
434857293;4327756510;2247054918;
434872534;2245520803;3554720440;
434872534;3554720440;3130312339;
434872534;3130312339;2245786927;
434872534;2245786927;3130312331;
434872534;3130312331;25620747;
434872534;25620747;2245786951;
434872534;2245786951;2343359244;
434872534;2343359244;2343359235;
434872534;2343359235;2245786942;
434872534;2245786942;25632422;
434878400;1278184335;4356494336;
434878400;4356494336;2204099938;
434878401;2204099938;4529952469;
434878401;4529952469;3696119701;
434878401;3696119701;25632398;
434878401;25632398;3690631035;
434878401;3690631035;4356494335;
434878401;4356494335;2204100015;
434879921;2352603829;4529952483;
434879921;4529952483;4529953492;
434879921;4529953492;1278184350;
434879926;2352603829;2367470972;
434879926;2367470972;4356494331;
434879926;4356494331;2204099938;
448850568;3554720425;5118553689;
448850568;5118553689;2204099858;
448850570;2208686217;2204100011;
448850570;2204100011;3992990334;
448850570;3992990334;1684844136;
448850570;1684844136;4097873927;
448850570;4097873927;3554720432;
448850570;3554720432;4097873929;
448850570;4097873929;3993117788;
448850570;3993117788;2204099951;
448850570;2204099951;2204099942;
448850570;2204099942;3992982895;
448850570;3992982895;2204099999;
448850570;2204099999;2243746973;
448850570;2243746973;2243746975;
448850570;2243746975;2243746971;
448850570;2243746971;3993126557;
448850570;3993126557;3092618005;
448850570;3092618005;138234852;
452075654;668955253;2006399741;
452075654;2006399741;137903870;
452075654;137903870;2307249887;
452075654;2307249887;137903872;
452075654;137903872;137903874;
452075654;137903874;2307244307;
452075654;2307244307;2307244300;
452075654;2307244300;1788785130;
452075654;1788785130;2202026085;
452075654;2202026085;1788785120;
452075654;1788785120;1788785116;
452075654;1788785116;137955522;
459407453;4925459192;3392711311;
459407453;3392711311;2466304482;
459407453;2466304482;2204446881;
459407453;2204446881;2204446901;
459453160;2209960614;3457190271;
459453160;3457190271;4553025618;
459453160;4553025618;4679272918;
459453160;4679272918;3457190272;
459895302;2467211958;2467211964;
459895302;2467211964;1274830123;
459895303;2467211958;2467211939;
459895303;2467211939;4556191465;
459895303;4556191465;2467211944;
459895303;2467211944;2927183102;
459895304;2927183102;4556191466;
459895304;4556191466;4556191463;
459895304;4556191463;4556191461;
459895304;4556191461;2467211958;
460206500;138231423;3387597060;
460206500;3387597060;2927167312;
460206500;2927167312;2927167311;
460206500;2927167311;1670512103;
460206500;1670512103;2135998880;
460233181;4559094988;4559094998;
460233181;4559094998;4559094992;
460233181;4559094992;4559094989;
460234698;4559198590;4559209387;
460234698;4559209387;4559197787;
460234698;4559197787;2216334119;
460234698;2216334119;4559141811;
460234698;4559141811;4559141823;
460234698;4559141823;4559141799;
460234698;4559141799;4559141808;
460234698;4559141808;4559115457;
460234698;4559115457;4559115459;
460251867;2216334178;4559289602;
466467978;4612602651;4612602653;
466467978;4612602653;4612602646;
466467978;4612602646;4612602654;
466467978;4612602654;4612602649;
466737770;4614795579;4614795580;
466737773;4614795579;4614795578;
466738481;4614805773;4614805774;
467547248;4621647260;2927195022;
467547248;2927195022;2927195025;
467547248;2927195025;2927195014;
467547248;2927195014;4621647256;
467547248;4621647256;4621647260;
467557877;4621647261;4621647259;
467557877;4621647259;4621647262;
467557878;4621647253;4621647254;
467557879;4621647262;4621647253;
467557880;4621647256;4621647261;
467557881;4621647260;4621647255;
467557881;4621647255;4621647258;
467557882;4621647254;4621647257;
467564423;4621715683;4621715682;
482327709;137882131;2218389428;
482327709;2218389428;4621547671;
482327709;4621547671;137888646;
482327709;137888646;4612602651;
482327709;4612602651;4558796673;
482327709;4558796673;138231423;
484592256;2204179952;2204210316;
484592256;2204210316;3387597091;
484592256;3387597091;2681412871;
484592256;2681412871;1554874570;
484592257;4097873925;5118554430;
484592257;5118554430;4025528393;
484592257;4025528393;4025528392;
484592258;2216360362;2216360291;
484592258;2216360291;4558789393;
484592258;4558789393;4559191359;
501277146;2076734382;3387597799;
501277146;3387597799;2927035109;
501277146;2927035109;2927034198;
501277146;2927034198;1390263661;
501277146;1390263661;2927035103;
501277146;2927035103;2927035131;
501277146;2927035131;2927035102;
501277146;2927035102;2927035105;
501277146;2927035105;2204210203;
501277146;2204210203;1390263696;
501848099;4925285429;4925285425;
501848099;4925285425;4925285428;
501848099;4925285428;4925287126;
501848099;4925287126;4925287122;
501848099;4925287122;4097873920;
501848100;4925285424;4925285429;
501848104;4925285422;4925285424;
501849003;4925289584;4925289582;
501849003;4925289582;4925289578;
501849003;4925289578;4925289583;
501849008;4925287126;4925310646;
501849008;4925310646;4925289575;
501854770;4925310646;4925310652;
501854770;4925310652;4925310648;
501854770;4925310648;4925310647;
501854770;4925310647;4925292786;
501854770;4925292786;4925310650;
501854770;4925310650;4925310651;
501856969;4925310649;4925318283;
501856969;4925318283;4925318289;
501856969;4925318289;4925318282;
501856969;4925318282;4925318284;
501856972;4925318289;4925318286;
501874269;2205504451;2319996589;
501874269;2319996589;2319996587;
501874269;2319996587;2319996578;
501874269;2319996578;2466276661;
501874269;2466276661;3392711305;
501874269;3392711305;2205504355;
501874269;2205504355;2466269904;
501874269;2466269904;475875745;
501874269;475875745;2468364181;
501874269;2468364181;475875746;
501874269;475875746;2204446961;
501874269;2204446961;2204446913;
501874269;2204446913;2204446955;
501874269;2204446955;2204446999;
501874269;2204446999;2204446890;
501874269;2204446890;2204446908;
501874269;2204446908;2204446945;
501874269;2204446945;475875752;
501874269;475875752;1143317277;
501874269;1143317277;2204447004;
501874269;2204447004;2204446849;
501874269;2204446849;2468364178;
501874269;2468364178;1143318409;
501874269;1143318409;2256217207;
501874269;2256217207;476019077;
502160859;4927261936;4927261935;
502160862;4927261933;4927261932;
517711042;5051610943;2206233667;
533487706;5175588778;5175588786;
533487706;5175588786;5175588777;
533487707;5175588780;5175588785;
533487707;5175588785;5175588779;
533487708;5175588782;5175588788;
533487708;5175588788;5175588781;
533487709;5175588784;5175588787;
533487709;5175588787;5175588783;
553528125;138231423;2216364186;
553528125;2216364186;4488753796;
553528125;4488753796;138231424;
578561126;475737524;286969387;
578561126;286969387;138223440;
