90364756;41.29638;-7.755777;-0.1353638;0.7207578
90364757;41.29883;-7.754386;-0.1353396;0.7208005
90364759;41.30188;-7.752634;-0.135309;0.7208539
90364760;41.30446;-7.751089;-0.135282;0.7208988
90364762;41.30679;-7.750817;-0.1352773;0.7209395
90364763;41.30958;-7.749304;-0.1352509;0.7209882
90364765;41.31167;-7.746607;-0.1352038;0.7210247
440759465;41.29992;-7.74496;-0.1351751;0.7208195
440759467;41.29987;-7.745252;-0.1351801;0.7208186
440759473;41.29956;-7.747016;-0.1352109;0.7208133
440759491;41.29967;-7.750759;-0.1352763;0.7208152
440759506;41.29853;-7.750638;-0.1352742;0.7207954
440759551;41.29578;-7.747064;-0.1352118;0.7207473
440759581;41.29409;-7.746605;-0.1352038;0.7207178
440759686;41.29681;-7.750068;-0.1352642;0.7207652
440759693;41.29593;-7.750894;-0.1352786;0.72075
440759703;41.29536;-7.751133;-0.1352828;0.72074
440759704;41.29532;-7.751862;-0.1352955;0.7207393
440759705;41.29547;-7.753019;-0.1353157;0.7207419
440759706;41.29477;-7.754676;-0.1353446;0.7207296
440759707;41.29526;-7.755723;-0.1353629;0.7207382
440760126;41.30351;-7.755332;-0.1353561;0.7208823
440760127;41.30304;-7.755763;-0.1353636;0.7208741
440760128;41.30293;-7.755799;-0.1353642;0.720872
440760129;41.30227;-7.75537;-0.1353567;0.7208607
440760130;41.30201;-7.754792;-0.1353467;0.720856
440760131;41.30103;-7.755083;-0.1353517;0.7208389
440760132;41.30026;-7.755159;-0.1353531;0.7208255
440760133;41.29979;-7.754704;-0.1353451;0.7208173
440760134;41.29947;-7.754028;-0.1353333;0.7208117
440760135;41.29904;-7.753219;-0.1353192;0.7208043
440760136;41.2988;-7.752975;-0.1353149;0.7208
440760137;41.29843;-7.751875;-0.1352957;0.7207935
440760138;41.2984;-7.75082;-0.1352773;0.7207931
440760139;41.29938;-7.753868;-0.1353305;0.7208102
544505245;41.29634;-7.748218;-0.1352319;0.7207571
544505259;41.29874;-7.751053;-0.1352814;0.7207991
544505264;41.29565;-7.746933;-0.1352095;0.7207451
896588606;41.30947;-7.735345;-0.1350072;0.7209862
896588651;41.30971;-7.73531;-0.1350066;0.7209905
896588659;41.30882;-7.734758;-0.134997;0.720975
896588686;41.3089;-7.734697;-0.1349959;0.7209762
896588728;41.30901;-7.735083;-0.1350027;0.7209782
896603206;41.30273;-7.74095;-0.1351051;0.7208686
896603208;41.30862;-7.739228;-0.135075;0.7209713
896603209;41.30295;-7.740718;-0.135101;0.7208725
896603210;41.30877;-7.739188;-0.1350743;0.720974
896603213;41.30624;-7.739723;-0.1350836;0.7209299
896603214;41.30287;-7.740926;-0.1351047;0.7208711
896603215;41.30908;-7.738835;-0.1350682;0.7209795
896603216;41.30824;-7.739684;-0.135083;0.7209648
896603217;41.30249;-7.740907;-0.1351043;0.7208644
896603219;41.30324;-7.740816;-0.1351027;0.7208775
896603222;41.30208;-7.740962;-0.1351053;0.7208573
896603223;41.30766;-7.740349;-0.1350946;0.7209546
896603224;41.3096;-7.735762;-0.1350145;0.7209886
896603225;41.30272;-7.740881;-0.1351039;0.7208685
896603226;41.30304;-7.740573;-0.1350985;0.720874
896603227;41.30743;-7.737494;-0.1350447;0.7209506
896603228;41.30944;-7.738098;-0.1350553;0.7209858
896603230;41.30938;-7.738573;-0.1350636;0.7209848
896603235;41.30667;-7.739138;-0.1350734;0.7209375
896603237;41.30838;-7.735607;-0.1350118;0.7209672
896603238;41.30896;-7.739064;-0.1350721;0.7209774
896603239;41.30123;-7.740759;-0.1351017;0.7208425
896603240;41.30307;-7.740507;-0.1350973;0.7208745
896603241;41.30511;-7.740132;-0.1350908;0.7209101
896603243;41.30931;-7.738543;-0.1350631;0.7209836
896603245;41.3069;-7.741339;-0.1351119;0.7209414
896603246;41.30914;-7.738897;-0.1350692;0.7209805
896603247;41.30875;-7.735231;-0.1350053;0.7209737
896603252;41.30465;-7.740345;-0.1350945;0.7209022
896603253;41.30628;-7.741623;-0.1351168;0.7209306
896603255;41.30285;-7.74082;-0.1351028;0.7208708
896603257;41.30331;-7.740551;-0.1350981;0.7208788
896603259;41.30353;-7.740647;-0.1350998;0.7208825
896603260;41.30945;-7.738371;-0.1350601;0.7209859
896603261;41.30666;-7.742213;-0.1351271;0.7209372
896603262;41.30971;-7.735734;-0.135014;0.7209904
896603263;41.30844;-7.735651;-0.1350126;0.7209682
896603265;41.30318;-7.740834;-0.135103;0.7208765
896603268;41.3095;-7.738149;-0.1350562;0.7209867
896603269;41.30973;-7.735447;-0.135009;0.7209909
896603270;41.30166;-7.740795;-0.1351024;0.7208499
896603271;41.30332;-7.740611;-0.1350991;0.720879
896603275;41.30249;-7.740981;-0.1351056;0.7208644
896603276;41.30822;-7.739604;-0.1350816;0.7209644
896603278;41.30697;-7.741211;-0.1351096;0.7209427
896603279;41.30951;-7.7355;-0.1350099;0.720987
896603280;41.30928;-7.738759;-0.1350668;0.7209829
896603281;41.30313;-7.740826;-0.1351029;0.7208757
896603282;41.30594;-7.740032;-0.135089;0.7209246
896603283;41.30593;-7.739948;-0.1350876;0.7209246
896603284;41.30669;-7.741368;-0.1351124;0.7209378
896603285;41.30769;-7.740395;-0.1350954;0.7209552
896603287;41.3023;-7.740904;-0.1351043;0.7208611
896603288;41.30891;-7.735158;-0.135004;0.7209764
896603289;41.3031;-7.740468;-0.1350966;0.7208751
896603290;41.30627;-7.7398;-0.135085;0.7209304
896603292;41.30165;-7.740857;-0.1351034;0.7208498
896603293;41.30696;-7.741118;-0.135108;0.7209426
896603294;41.30671;-7.74206;-0.1351244;0.7209381
896603295;41.3096;-7.73621;-0.1350223;0.7209886
896603298;41.30939;-7.738334;-0.1350594;0.7209849
896603300;41.30327;-7.740489;-0.135097;0.7208781
896603302;41.30647;-7.739467;-0.1350792;0.7209339
896610135;41.30888;-7.738701;-0.1350658;0.7209759
896610136;41.30949;-7.737546;-0.1350456;0.7209866
896610137;41.30835;-7.738463;-0.1350617;0.7209666
896610138;41.30808;-7.739078;-0.1350724;0.720962
896610139;41.30881;-7.736141;-0.1350211;0.7209747
896610140;41.30926;-7.736067;-0.1350198;0.7209826
896610141;41.30838;-7.737047;-0.1350369;0.7209672
896610142;41.30743;-7.739018;-0.1350713;0.7209506
896610144;41.3086;-7.738575;-0.1350636;0.720971
896610145;41.30856;-7.739038;-0.1350717;0.7209705
896610146;41.30782;-7.738214;-0.1350573;0.7209574
896610147;41.30872;-7.73722;-0.13504;0.7209732
896610148;41.30813;-7.739048;-0.1350719;0.7209629
896610149;41.30914;-7.737411;-0.1350433;0.7209805
896610150;41.30795;-7.738964;-0.1350704;0.7209598
896610152;41.30798;-7.739032;-0.1350716;0.7209603
896610153;41.30887;-7.735894;-0.1350168;0.7209758
896621577;41.30116;-7.740794;-0.1351023;0.7208413
896621578;41.30101;-7.74101;-0.1351061;0.7208386
896621579;41.29833;-7.741307;-0.1351113;0.7207919
896621580;41.30107;-7.740733;-0.1351013;0.7208397
896621581;41.30101;-7.740755;-0.1351017;0.7208387
896621582;41.29555;-7.744112;-0.1351603;0.7207433
896621584;41.30118;-7.740845;-0.1351032;0.7208416
896621585;41.30115;-7.740996;-0.1351059;0.720841
896621587;41.29762;-7.742658;-0.1351349;0.7207795
896621588;41.30113;-7.740756;-0.1351017;0.7208408
896621590;41.30124;-7.74098;-0.1351056;0.7208425
896621592;41.30111;-7.741024;-0.1351064;0.7208404
896621593;41.29564;-7.744599;-0.1351688;0.7207448
896621595;41.30147;-7.740852;-0.1351033;0.7208467
896621596;41.2953;-7.744596;-0.1351687;0.720739
896621597;41.30063;-7.740839;-0.1351031;0.720832
896621600;41.30096;-7.740854;-0.1351034;0.7208378
896621602;41.29723;-7.743605;-0.1351514;0.7207726
896621603;41.29544;-7.74614;-0.1351956;0.7207413
896621605;41.29699;-7.743801;-0.1351548;0.7207685
896621606;41.30097;-7.740812;-0.1351027;0.720838
896621607;41.29585;-7.743978;-0.1351579;0.7207485
896621608;41.29605;-7.744073;-0.1351596;0.720752
896621609;41.30079;-7.740757;-0.1351017;0.7208347
896621610;41.30119;-7.740892;-0.1351041;0.7208416
896621611;41.29541;-7.744278;-0.1351632;0.7207409
896621614;41.30097;-7.740958;-0.1351052;0.720838
896621615;41.29549;-7.744157;-0.135161;0.7207423
896621616;41.29741;-7.743345;-0.1351469;0.7207757
896621617;41.30117;-7.740949;-0.135105;0.7208415
896621618;41.30106;-7.741033;-0.1351065;0.7208395
896621619;41.29533;-7.744998;-0.1351757;0.7207395
896621621;41.29752;-7.742997;-0.1351408;0.7207778
896621622;41.30096;-7.740906;-0.1351043;0.7208378
896621623;41.30099;-7.740777;-0.135102;0.7208382
896621624;41.29604;-7.743952;-0.1351575;0.7207519
896621625;41.30082;-7.740833;-0.135103;0.7208352
896627794;41.29738;-7.746072;-0.1351945;0.7207752
896627796;41.2973;-7.745853;-0.1351907;0.7207739
896627798;41.29562;-7.74635;-0.1351993;0.7207445
896627804;41.29772;-7.745571;-0.1351857;0.7207811
896627806;41.29779;-7.745999;-0.1351932;0.7207824
896627808;41.29753;-7.746169;-0.1351961;0.7207779
896627809;41.29556;-7.746119;-0.1351953;0.7207434
896633549;41.2987;-7.748633;-0.1352392;0.7207983
896633551;41.29552;-7.746152;-0.1351959;0.7207428
896633552;41.29762;-7.747365;-0.135217;0.7207794
896633554;41.29549;-7.746402;-0.1352002;0.7207422
896633556;41.2954;-7.746164;-0.1351961;0.7207407
896633562;41.29809;-7.747542;-0.1352201;0.7207876
896633563;41.29545;-7.746402;-0.1352002;0.7207415
896633566;41.29537;-7.746304;-0.1351985;0.7207401
896633567;41.29552;-7.746383;-0.1351999;0.7207428
896633569;41.29536;-7.746256;-0.1351977;0.7207401
896633570;41.29757;-7.747149;-0.1352133;0.7207786
896633572;41.29548;-7.746135;-0.1351956;0.720742
896633574;41.29557;-7.74624;-0.1351974;0.7207436
896633577;41.29557;-7.746295;-0.1351984;0.7207436
896633582;41.29888;-7.749277;-0.1352504;0.7208015
896633583;41.29773;-7.747481;-0.1352191;0.7207813
896633584;41.29554;-7.746522;-0.1352023;0.7207431
896633585;41.29834;-7.747707;-0.135223;0.7207921
896633589;41.29538;-7.746349;-0.1351993;0.7207404
896633591;41.29538;-7.746205;-0.1351968;0.7207403
897051527;41.30214;-7.744367;-0.1351647;0.7208583
897051528;41.30238;-7.747277;-0.1352155;0.7208625
897051529;41.30179;-7.746967;-0.1352101;0.7208523
897051541;41.30045;-7.74473;-0.135171;0.7208289
899126440;41.29803;-7.741578;-0.135116;0.7207867
899126442;41.29387;-7.735981;-0.1350183;0.720714
899126462;41.31095;-7.747831;-0.1352252;0.7210121
899126463;41.29536;-7.739018;-0.1350714;0.72074
899126469;41.29583;-7.747841;-0.1352253;0.7207482
899126470;41.29705;-7.755721;-0.1353629;0.7207695
899126486;41.2944;-7.737041;-0.1350368;0.7207233
899126491;41.29435;-7.734842;-0.1349985;0.7207224
899126511;41.2954;-7.739233;-0.1350751;0.7207407
899126513;41.29737;-7.755625;-0.1353612;0.7207752
899126530;41.29491;-7.737986;-0.1350533;0.7207321
899126536;41.29589;-7.739915;-0.135087;0.7207493
899126568;41.29453;-7.73729;-0.1350412;0.7207255
899126576;41.29786;-7.741398;-0.1351129;0.7207837
899126591;41.29608;-7.748151;-0.1352307;0.7207525
899126610;41.29467;-7.737412;-0.1350433;0.720728
899126652;41.29434;-7.736037;-0.1350193;0.7207221
899126669;41.29344;-7.755284;-0.1353552;0.7207065
899126670;41.29551;-7.739694;-0.1350831;0.7207425
899126673;41.29403;-7.736313;-0.1350241;0.7207168
899126726;41.29478;-7.735375;-0.1350078;0.7207299
899126748;41.30848;-7.750184;-0.1352662;0.720969
899126750;41.29568;-7.739834;-0.1350856;0.7207457
899147149;41.29992;-7.752434;-0.1353055;0.7208196
899147151;41.29876;-7.752266;-0.1353026;0.7207993
899147157;41.30343;-7.751085;-0.135282;0.7208809
899147158;41.3009;-7.754313;-0.1353383;0.7208367
899147168;41.29974;-7.753016;-0.1353156;0.7208164
899147206;41.29971;-7.745047;-0.1351766;0.7208159
899147208;41.29865;-7.751666;-0.1352921;0.7207974
899147222;41.30315;-7.751459;-0.1352885;0.720876
899147236;41.30077;-7.754204;-0.1353364;0.7208344
899147244;41.30128;-7.753624;-0.1353263;0.7208433
899147246;41.30352;-7.751456;-0.1352884;0.7208825
899147248;41.3012;-7.754165;-0.1353357;0.720842
899147298;41.29887;-7.752366;-0.1353043;0.7208012
899147304;41.30033;-7.753692;-0.1353274;0.7208268
899147314;41.29951;-7.75282;-0.1353122;0.7208124
899147326;41.29891;-7.751613;-0.1352912;0.7208019
899147341;41.3047;-7.750878;-0.1352783;0.720903
899147356;41.29964;-7.752232;-0.135302;0.7208148
899147362;41.3028;-7.751336;-0.1352863;0.7208699
899147375;41.3009;-7.754228;-0.1353368;0.7208368
899147380;41.30179;-7.752863;-0.135313;0.7208523
899147388;41.29918;-7.751112;-0.1352824;0.7208067
899147433;41.30046;-7.752597;-0.1353083;0.720829
899147436;41.29867;-7.751946;-0.135297;0.7207977
899147443;41.30062;-7.754091;-0.1353344;0.7208318
899147478;41.30467;-7.750524;-0.1352722;0.7209025
899147487;41.30367;-7.750819;-0.1352773;0.7208851
899147488;41.29863;-7.752159;-0.1353007;0.7207971
899147496;41.30262;-7.751377;-0.135287;0.7208666
899147506;41.30099;-7.752515;-0.1353069;0.7208382
899147507;41.29881;-7.751677;-0.1352923;0.7208002
899147515;41.3016;-7.753154;-0.1353181;0.7208489
899147537;41.2988;-7.751321;-0.1352861;0.7208
899147575;41.30019;-7.752554;-0.1353076;0.7208244
899147578;41.29869;-7.752127;-0.1353001;0.7207982
899147586;41.29954;-7.752755;-0.1353111;0.720813
899147625;41.30341;-7.75159;-0.1352908;0.7208806
899147648;41.30074;-7.752584;-0.1353081;0.7208338
899147651;41.29872;-7.751778;-0.135294;0.7207986
899147660;41.30331;-7.751058;-0.1352815;0.7208788
899147662;41.30074;-7.75428;-0.1353377;0.7208339
899147671;41.29923;-7.75119;-0.1352838;0.7208075
899147718;41.30329;-7.751602;-0.135291;0.7208784
899147729;41.29979;-7.752971;-0.1353149;0.7208174
899147734;41.301;-7.75329;-0.1353204;0.7208385
899147765;41.30448;-7.750358;-0.1352693;0.7208992
899147787;41.30243;-7.751462;-0.1352885;0.7208634
899147794;41.30319;-7.751138;-0.1352829;0.7208767
899147795;41.30058;-7.754146;-0.1353354;0.7208311
899147808;41.29885;-7.752439;-0.1353056;0.7208009
899147864;41.30105;-7.754191;-0.1353362;0.7208393
899147868;41.30082;-7.753275;-0.1353202;0.7208353
899147903;41.30425;-7.750422;-0.1352704;0.7208951
899147922;41.30127;-7.752376;-0.1353045;0.7208432
899147937;41.30354;-7.751243;-0.1352847;0.7208827
899147938;41.30106;-7.754275;-0.1353376;0.7208394
899147949;41.29872;-7.752316;-0.1353034;0.7207986
899147977;41.2986;-7.751929;-0.1352967;0.7207965
899147995;41.30314;-7.751263;-0.135285;0.7208757
899148005;41.30117;-7.754095;-0.1353345;0.7208414
899148011;41.30128;-7.753879;-0.1353307;0.7208433
899148015;41.30134;-7.753924;-0.1353315;0.7208444
899148023;41.29935;-7.751018;-0.1352808;0.7208096
1022694936;41.30322;-7.740316;-0.135094;0.7208772
1022694941;41.30331;-7.739904;-0.1350868;0.7208788
1022694947;41.30582;-7.737748;-0.1350492;0.7209226
1022694949;41.30624;-7.737211;-0.1350398;0.72093
1022694951;41.30647;-7.736739;-0.1350316;0.7209339
1022694953;41.30656;-7.736406;-0.1350258;0.7209355
1022694955;41.30663;-7.735881;-0.1350166;0.7209367
1022694956;41.30661;-7.735559;-0.135011;0.7209364
1022694958;41.30645;-7.734937;-0.1350001;0.7209336
1023823026;41.30479;-7.743721;-0.1351534;0.7209046
1023823027;41.30495;-7.743818;-0.1351551;0.7209074
1023823031;41.30656;-7.742914;-0.1351393;0.7209354
1023823037;41.30479;-7.743772;-0.1351543;0.7209046
1023823064;41.3049;-7.743649;-0.1351522;0.7209065
1023823070;41.30496;-7.743764;-0.1351542;0.7209076
1023823074;41.3048;-7.743817;-0.1351551;0.7209048
1023823076;41.30488;-7.743644;-0.1351521;0.7209061
1023823090;41.30495;-7.743711;-0.1351533;0.7209074
1023823098;41.30482;-7.743846;-0.1351556;0.7209051
1023823100;41.30484;-7.743861;-0.1351559;0.7209055
1023823103;41.30482;-7.743672;-0.1351526;0.7209051
1023823105;41.30494;-7.743684;-0.1351528;0.7209073
1023823107;41.30487;-7.743871;-0.1351561;0.720906
1023823120;41.3049;-7.743865;-0.1351559;0.7209066
1023823126;41.30639;-7.743927;-0.135157;0.7209325
1023823130;41.30493;-7.74385;-0.1351557;0.720907
1023823133;41.30493;-7.743666;-0.1351525;0.720907
1025422694;41.30333;-7.7441;-0.13516;0.720879
1025422695;41.3034;-7.745021;-0.1351761;0.7208803
1025427719;41.30218;-7.745491;-0.1351843;0.720859
1025427724;41.3021;-7.745455;-0.1351837;0.7208576
1025427728;41.30193;-7.745322;-0.1351814;0.7208546
1025427732;41.30184;-7.745172;-0.1351788;0.720853
1025427737;41.30173;-7.744839;-0.1351729;0.7208512
1025427740;41.30166;-7.744469;-0.1351665;0.72085
1025427749;41.30309;-7.745079;-0.1351771;0.720875
1025427751;41.30278;-7.745111;-0.1351777;0.7208695
1025427753;41.3026;-7.745183;-0.1351789;0.7208664
1025427755;41.30239;-7.745312;-0.1351812;0.7208626
1025427759;41.30226;-7.745409;-0.1351829;0.7208604
1026493475;41.29429;-7.738795;-0.1350675;0.7207214
1026493486;41.2941;-7.739124;-0.1350732;0.720718
1026493502;41.29448;-7.737198;-0.1350396;0.7207246
1026493503;41.2944;-7.737239;-0.1350403;0.7207233
1026493504;41.29377;-7.737457;-0.1350441;0.7207122
1026493506;41.29342;-7.737537;-0.1350455;0.7207061
1026493508;41.2929;-7.737543;-0.1350456;0.720697
1026493509;41.29251;-7.737497;-0.1350448;0.7206902
1026493510;41.29227;-7.737407;-0.1350432;0.7206861
1026493512;41.29192;-7.737107;-0.135038;0.72068
1027069834;41.30157;-7.74377;-0.1351543;0.7208484
1027069839;41.30205;-7.74364;-0.135152;0.7208567
1028001928;41.29826;-7.745498;-0.1351844;0.7207907
1028001930;41.29998;-7.744477;-0.1351666;0.7208206
1028001941;41.30388;-7.746509;-0.1352021;0.7208887
1028014471;41.29824;-7.735086;-0.1350027;0.7207902
1028020548;41.29562;-7.733287;-0.1349713;0.7207445
1028024671;41.29677;-7.736314;-0.1350242;0.7207646
1028024674;41.29684;-7.736395;-0.1350256;0.7207659
1028024676;41.29671;-7.736194;-0.135022;0.7207636
1028024678;41.29752;-7.735545;-0.1350107;0.7207776
1028024685;41.2975;-7.735445;-0.135009;0.7207773
1028024686;41.29753;-7.73537;-0.1350077;0.7207778
1028024687;41.29654;-7.73495;-0.1350003;0.7207605
1028024691;41.29773;-7.736081;-0.1350201;0.7207813
1028024693;41.29657;-7.735052;-0.1350021;0.7207611
1028024696;41.2979;-7.735016;-0.1350015;0.7207844
1028024697;41.29692;-7.736419;-0.135026;0.7207672
1028024698;41.29786;-7.73503;-0.1350017;0.7207836
1028024700;41.2978;-7.735065;-0.1350023;0.7207826
1028024709;41.29662;-7.736069;-0.1350199;0.7207621
1028024710;41.29566;-7.733381;-0.134973;0.7207453
1028024711;41.29771;-7.736197;-0.1350221;0.7207811
1028024719;41.29766;-7.73628;-0.1350236;0.7207801
1028024724;41.29769;-7.735928;-0.1350174;0.7207807
1029876879;41.29896;-7.746662;-0.1352047;0.7208028
1029876882;41.29852;-7.746322;-0.1351988;0.7207951
1029900464;41.3018;-7.746147;-0.1351958;0.7208524
1029900467;41.30068;-7.749867;-0.1352607;0.7208328
1029900473;41.30381;-7.74828;-0.135233;0.7208875
1029900476;41.30299;-7.746842;-0.1352079;0.7208731
1029900477;41.30291;-7.747448;-0.1352185;0.7208717
1029900479;41.30423;-7.746449;-0.1352011;0.7208948
1029900480;41.29964;-7.74674;-0.1352061;0.7208146
1029900481;41.30287;-7.747386;-0.1352174;0.7208711
1029900483;41.3002;-7.748294;-0.1352332;0.7208245
1029900508;41.29907;-7.746728;-0.1352059;0.7208048
1029900509;41.30048;-7.747896;-0.1352263;0.7208293
1029900510;41.30037;-7.745313;-0.1351812;0.7208275
1029900511;41.30176;-7.75199;-0.1352978;0.7208517
1029900525;41.30038;-7.746448;-0.135201;0.7208277
1029900531;41.30435;-7.746906;-0.135209;0.720897
1029900534;41.30391;-7.747507;-0.1352195;0.7208892
1029900537;41.30402;-7.747271;-0.1352154;0.7208911
1029900539;41.30321;-7.749116;-0.1352476;0.7208769
1029900542;41.29925;-7.745294;-0.1351809;0.7208079
1029900543;41.30238;-7.747839;-0.1352253;0.7208626
1029900548;41.30428;-7.747035;-0.1352113;0.7208957
1029900550;41.30247;-7.747217;-0.1352144;0.7208641
1029900556;41.30283;-7.749293;-0.1352507;0.7208703
1029900559;41.30244;-7.747952;-0.1352273;0.7208635
1029900563;41.30253;-7.747907;-0.1352265;0.7208652
1029900571;41.30263;-7.747582;-0.1352208;0.7208669
1029900575;41.30373;-7.748564;-0.1352379;0.720886
1029900577;41.30032;-7.747;-0.1352107;0.7208266
1029914126;41.30633;-7.744377;-0.1351649;0.7209315
1029914141;41.3042;-7.742261;-0.1351279;0.7208942
1029914142;41.30441;-7.744627;-0.1351692;0.7208979
1029914144;41.30428;-7.744439;-0.135166;0.7208956
1029914148;41.30649;-7.741706;-0.1351183;0.7209343
1029914163;41.30425;-7.744416;-0.1351656;0.7208952
1029914178;41.30407;-7.742558;-0.1351331;0.720892
1029914195;41.30662;-7.741455;-0.1351139;0.7209365
1029914198;41.3041;-7.742451;-0.1351313;0.7208926
1029914200;41.30404;-7.742658;-0.1351349;0.7208915
1029914204;41.30624;-7.744923;-0.1351744;0.7209299
1029914222;41.30659;-7.741488;-0.1351145;0.7209359
1029914228;41.30488;-7.744463;-0.1351664;0.7209061
1029914245;41.30415;-7.742362;-0.1351297;0.7208934
1029914246;41.30648;-7.741516;-0.1351149;0.7209341
1029914247;41.30432;-7.74481;-0.1351724;0.7208964
1029914249;41.30627;-7.744752;-0.1351714;0.7209305
1029914267;41.30429;-7.744897;-0.135174;0.7208959
1029914269;41.30512;-7.741978;-0.135123;0.7209103
1029914270;41.30643;-7.741561;-0.1351157;0.7209332
1029914272;41.30665;-7.741998;-0.1351234;0.7209371
1029914279;41.3066;-7.741846;-0.1351207;0.7209362
1029914281;41.30446;-7.744541;-0.1351677;0.7208989
1029914296;41.30437;-7.744524;-0.1351674;0.7208973
1029914298;41.30675;-7.741771;-0.1351194;0.7209388
1029914311;41.30436;-7.74471;-0.1351707;0.7208971
1029914325;41.30427;-7.744644;-0.1351695;0.7208955
1029914334;41.30463;-7.744473;-0.1351666;0.7209017
1029914340;41.3064;-7.741647;-0.1351172;0.7209326
1029914356;41.30432;-7.744487;-0.1351668;0.7208964
1029914358;41.30658;-7.742811;-0.1351375;0.7209358
1029932078;41.30653;-7.741404;-0.135113;0.720935
1029932083;41.30114;-7.742963;-0.1351402;0.7208409
1029932086;41.3031;-7.741844;-0.1351207;0.7208751
1029932101;41.30196;-7.742955;-0.13514;0.7208552
1029932105;41.30193;-7.741957;-0.1351226;0.7208546
1029932107;41.30592;-7.740866;-0.1351036;0.7209243
1029932108;41.30318;-7.742684;-0.1351353;0.7208766
1029932110;41.30677;-7.7412;-0.1351094;0.7209391
1029932111;41.30579;-7.740906;-0.1351043;0.7209221
1029932115;41.30039;-7.742926;-0.1351396;0.7208278
1029932123;41.30455;-7.741204;-0.1351095;0.7209004
1029932128;41.30657;-7.740163;-0.1350913;0.7209357
1029932131;41.30694;-7.740261;-0.135093;0.7209421
1029932137;41.30632;-7.740909;-0.1351044;0.7209312
1029932142;41.30616;-7.740653;-0.1350999;0.7209285
1029932146;41.30052;-7.742851;-0.1351382;0.72083
1029932154;41.30446;-7.741306;-0.1351113;0.7208988
1029932156;41.30384;-7.742408;-0.1351305;0.720888
1029932160;41.30404;-7.74146;-0.135114;0.7208915
1029932162;41.30696;-7.740386;-0.1350952;0.7209424
1029932169;41.30689;-7.740198;-0.1350919;0.7209413
1029932176;41.30291;-7.741898;-0.1351216;0.7208717
1029932177;41.30011;-7.743242;-0.1351451;0.7208228
1029932178;41.30184;-7.74215;-0.135126;0.720853
1029932179;41.30668;-7.740131;-0.1350908;0.7209376
1029932184;41.30685;-7.741048;-0.1351068;0.7209405
1029932189;41.30367;-7.744975;-0.1351753;0.720885
1029932194;41.30344;-7.742602;-0.1351339;0.720881
1029932195;41.30568;-7.740866;-0.1351036;0.7209201
1029932211;41.30058;-7.742819;-0.1351377;0.7208312
1029932212;41.3014;-7.742974;-0.1351404;0.7208453
1029932219;41.30352;-7.741608;-0.1351165;0.7208825
1029932226;41.30381;-7.743993;-0.1351582;0.7208874
1029932239;41.30331;-7.742645;-0.1351347;0.7208787
1029957500;41.30625;-7.742157;-0.1351261;0.7209301
1029957504;41.3081;-7.744203;-0.1351618;0.7209623
1029957509;41.29945;-7.741941;-0.1351224;0.7208113
1029957515;41.30882;-7.743639;-0.135152;0.7209749
1029957518;41.30908;-7.743306;-0.1351462;0.7209795
1029957520;41.30855;-7.744095;-0.13516;0.7209702
1029957524;41.31019;-7.741916;-0.1351219;0.7209989
1029957543;41.30859;-7.743961;-0.1351576;0.720971
1029957545;41.3088;-7.744097;-0.13516;0.7209746
1029957548;41.30972;-7.744229;-0.1351623;0.7209905
1029957553;41.29888;-7.742052;-0.1351243;0.7208014
1029957555;41.30943;-7.74284;-0.135138;0.7209855
1029957570;41.29943;-7.745201;-0.1351793;0.7208111
1029957574;41.29956;-7.741862;-0.135121;0.7208133
1029957581;41.29982;-7.742443;-0.1351311;0.7208177
1029957616;41.29953;-7.741781;-0.1351196;0.7208129
1029957620;41.2993;-7.741824;-0.1351203;0.7208087
1029957635;41.30595;-7.742643;-0.1351346;0.7209249
1029957639;41.2997;-7.74218;-0.1351265;0.7208157
1029957659;41.29903;-7.741934;-0.1351222;0.720804
1029957661;41.30313;-7.746713;-0.1352057;0.7208757
1029957666;41.30619;-7.742572;-0.1351334;0.7209291
1029957671;41.29902;-7.742451;-0.1351313;0.7208039
1029957692;41.29836;-7.742663;-0.135135;0.7207923
1029957711;41.29928;-7.742092;-0.135125;0.7208084
1029957780;41.2986;-7.743084;-0.1351423;0.7207966
1029957791;41.29865;-7.745463;-0.1351838;0.7207975
1029957794;41.30975;-7.744247;-0.1351626;0.7209911
1029957814;41.29874;-7.743537;-0.1351502;0.7207991
1029957818;41.29866;-7.743295;-0.135146;0.7207976
1029957827;41.30791;-7.744461;-0.1351663;0.720959
1029957834;41.30155;-7.74785;-0.1352255;0.720848
1029957870;41.30587;-7.74227;-0.1351281;0.7209234
1029957906;41.30401;-7.742552;-0.135133;0.720891
1029957908;41.30395;-7.742456;-0.1351314;0.7208899
1029957930;41.3076;-7.744814;-0.1351725;0.7209536
1029957934;41.31034;-7.744567;-0.1351682;0.7210014
1029957941;41.299;-7.745404;-0.1351828;0.7208036
1029957943;41.29939;-7.741807;-0.13512;0.7208103
1029957950;41.30734;-7.745093;-0.1351774;0.7209491
1029957956;41.29828;-7.742433;-0.1351309;0.720791
1029957980;41.30945;-7.744138;-0.1351607;0.7209859
1029957983;41.29873;-7.744039;-0.135159;0.7207987
1029957994;41.30711;-7.745219;-0.1351796;0.7209451
1029958016;41.30917;-7.744115;-0.1351603;0.7209811
1029958029;41.30863;-7.743884;-0.1351563;0.7209716
1029958074;41.30957;-7.743425;-0.1351483;0.7209881
1029958105;41.30824;-7.744128;-0.1351605;0.7209648
1029958110;41.2987;-7.74228;-0.1351283;0.7207983
1029958132;41.30578;-7.741796;-0.1351198;0.7209219
1029958153;41.30001;-7.747916;-0.1352267;0.7208213
1029958165;41.30171;-7.747765;-0.135224;0.7208508
1029958168;41.31041;-7.742208;-0.135127;0.7210026
1029958203;41.29971;-7.741727;-0.1351186;0.720816
1030781250;41.29858;-7.740721;-0.1351011;0.7207961
1030781254;41.29829;-7.741182;-0.1351091;0.7207912
1030781264;41.29843;-7.740147;-0.1350911;0.7207935
1030781271;41.29758;-7.740051;-0.1350894;0.7207788
1030781275;41.29311;-7.741684;-0.1351179;0.7207007
1030781277;41.29626;-7.737519;-0.1350452;0.7207558
1030781280;41.29649;-7.736778;-0.1350323;0.7207598
1030781287;41.29683;-7.739053;-0.1350719;0.7207657
1030781297;41.29657;-7.736505;-0.1350275;0.7207611
1030781317;41.29688;-7.739891;-0.1350866;0.7207664
1030781318;41.29708;-7.740376;-0.135095;0.7207701
1030781319;41.29852;-7.740624;-0.1350994;0.7207952
1030781320;41.29807;-7.740072;-0.1350897;0.7207873
1030781321;41.29858;-7.740314;-0.135094;0.7207961
1030781333;41.29855;-7.740893;-0.1351041;0.7207956
1030781340;41.29853;-7.74049;-0.135097;0.7207953
1030781344;41.29629;-7.737296;-0.1350413;0.7207562
1030781350;41.29856;-7.740233;-0.1350926;0.7207959
1030781352;41.29663;-7.736194;-0.135022;0.7207621
1030781355;41.29685;-7.739171;-0.135074;0.7207661
1030781362;41.29787;-7.740051;-0.1350894;0.7207838
1030781367;41.29684;-7.739375;-0.1350776;0.7207658
1030781373;41.29799;-7.741508;-0.1351148;0.7207858
1030781379;41.29683;-7.739698;-0.1350832;0.7207657
1030781410;41.29658;-7.738404;-0.1350606;0.7207612
1030781420;41.29387;-7.73966;-0.1350826;0.7207139
1030781421;41.29852;-7.740587;-0.1350987;0.7207951
1030781460;41.29842;-7.74107;-0.1351072;0.7207934
1030781468;41.29858;-7.740254;-0.1350929;0.7207963
1031546780;41.30578;-7.739257;-0.1350755;0.7209218
1031546865;41.30417;-7.739997;-0.1350884;0.7208938
1031546888;41.30372;-7.737369;-0.1350426;0.7208859
1031546919;41.30287;-7.739873;-0.1350863;0.720871
1031546925;41.30438;-7.738873;-0.1350688;0.7208974
1031546954;41.3046;-7.739849;-0.1350858;0.7209013
1031546965;41.30546;-7.738091;-0.1350552;0.7209163
1031546986;41.3048;-7.73967;-0.1350827;0.7209047
1031546997;41.30418;-7.739027;-0.1350715;0.7208939
1031547067;41.30358;-7.740111;-0.1350904;0.7208834
1031547071;41.30375;-7.738674;-0.1350653;0.7208865
1031547102;41.30519;-7.739498;-0.1350797;0.7209116
1031547136;41.30208;-7.74089;-0.135104;0.7208573
1031547151;41.30145;-7.740388;-0.1350953;0.7208463
1031547159;41.30327;-7.73761;-0.1350468;0.7208781
1031547234;41.30464;-7.738248;-0.1350579;0.720902
1031547239;41.30103;-7.740396;-0.1350954;0.7208389
1031547248;41.30391;-7.739408;-0.1350781;0.7208892
1031547358;41.3043;-7.738999;-0.135071;0.7208961
1031547528;41.30371;-7.738642;-0.1350648;0.7208858
1031547535;41.30491;-7.739579;-0.1350811;0.7209067
1031547593;41.30556;-7.739358;-0.1350773;0.7209181
1031547650;41.30161;-7.740345;-0.1350945;0.7208492
1031547658;41.30356;-7.736988;-0.1350359;0.7208831
1031547776;41.30173;-7.740228;-0.1350925;0.7208511
1031547870;41.30565;-7.73847;-0.1350618;0.7209195
1031548206;41.30445;-7.738667;-0.1350652;0.7208986
1031548327;41.30309;-7.738124;-0.1350558;0.720875
1031548332;41.30396;-7.738221;-0.1350574;0.72089
1031548483;41.30228;-7.739412;-0.1350782;0.7208608
1031548538;41.30264;-7.738833;-0.1350681;0.7208671
1031548586;41.30129;-7.740335;-0.1350943;0.7208435
1031548646;41.30443;-7.738984;-0.1350707;0.7208983
1031548653;41.30589;-7.738956;-0.1350703;0.7209238
1031548709;41.30587;-7.739144;-0.1350735;0.7209234
1031548851;41.30074;-7.73859;-0.1350639;0.7208339
1031548949;41.30244;-7.740523;-0.1350976;0.7208636
1031549047;41.30448;-7.739917;-0.135087;0.7208991
1031549139;41.301;-7.740189;-0.1350918;0.7208384
1031549224;41.30597;-7.738138;-0.135056;0.7209252
1031549532;41.30433;-7.739064;-0.1350722;0.7208965
1031549638;41.30415;-7.737782;-0.1350498;0.7208934
1102174628;41.30484;-7.743651;-0.1351522;0.7209055
1102174631;41.30419;-7.743908;-0.1351567;0.7208942
1103703904;41.30915;-7.743391;-0.1351477;0.7209808
1103703905;41.30442;-7.746159;-0.135196;0.7208982
1103719038;41.30106;-7.740553;-0.1350981;0.7208396
1103719040;41.30104;-7.740738;-0.1351014;0.7208391
1103719042;41.30111;-7.740739;-0.1351014;0.7208403
1104311288;41.30439;-7.738755;-0.1350668;0.7208977
1104328734;41.30675;-7.739177;-0.1350741;0.7209387
1104336652;41.29684;-7.739791;-0.1350848;0.7207658
1104336656;41.29626;-7.737411;-0.1350433;0.7207558
1104336658;41.29673;-7.73876;-0.1350669;0.7207639
1104338230;41.29551;-7.739606;-0.1350816;0.7207425
1104338231;41.29542;-7.739139;-0.1350735;0.720741
1104338232;41.29559;-7.739542;-0.1350805;0.720744
1104338233;41.29574;-7.739817;-0.1350853;0.7207466
1104338234;41.29576;-7.739768;-0.1350844;0.7207471
1104338235;41.29551;-7.7394;-0.135078;0.7207426
1104338236;41.29515;-7.739362;-0.1350774;0.7207363
1104338237;41.29575;-7.739675;-0.1350828;0.7207468
1104338238;41.29554;-7.739546;-0.1350806;0.7207432
1106842676;41.30439;-7.751144;-0.135283;0.7208976
1106842677;41.3;-7.75335;-0.1353215;0.7208209
1106842679;41.30006;-7.753315;-0.1353209;0.7208221
1106842680;41.30027;-7.753728;-0.1353281;0.7208257
1106842681;41.30389;-7.75145;-0.1352883;0.7208888
1106843279;41.31266;-7.742832;-0.1351379;0.7210419
1106843283;41.31252;-7.743352;-0.135147;0.7210394
1144174048;41.29738;-7.741017;-0.1351062;0.7207752
1190079951;41.29403;-7.755287;-0.1353553;0.7207168
1190079992;41.30828;-7.75115;-0.1352831;0.7209655
1190080028;41.30809;-7.751359;-0.1352867;0.7209621
1190080041;41.30889;-7.750163;-0.1352659;0.7209762
1190080048;41.30849;-7.750822;-0.1352774;0.7209691
1190080063;41.30504;-7.750758;-0.1352762;0.720909
1190080066;41.30536;-7.750865;-0.1352781;0.7209145
1190080069;41.30645;-7.751916;-0.1352965;0.7209336
1190080071;41.3065;-7.751815;-0.1352947;0.7209343
1190080073;41.30676;-7.751697;-0.1352926;0.7209389
1190080081;41.31211;-7.745191;-0.1351791;0.7210323
1190080083;41.30467;-7.750388;-0.1352698;0.7209025
1190080089;41.30663;-7.751734;-0.1352933;0.7209366
1190080102;41.30558;-7.750871;-0.1352782;0.7209184
1190080120;41.30693;-7.75167;-0.1352922;0.720942
1190080135;41.30491;-7.750661;-0.1352746;0.7209067
1190080188;41.29544;-7.755628;-0.1353612;0.7207415
1190080195;41.30583;-7.750858;-0.135278;0.7209227
1190080223;41.30446;-7.75027;-0.1352677;0.7208988
1190080231;41.30479;-7.750506;-0.1352718;0.7209046
1190080232;41.30457;-7.750307;-0.1352684;0.7209007
1190080243;41.30519;-7.750822;-0.1352774;0.7209115
1190080247;41.30867;-7.750511;-0.1352719;0.7209722
1190080252;41.30753;-7.751627;-0.1352914;0.7209525
1190080256;41.30769;-7.751595;-0.1352908;0.7209551
1190080267;41.30788;-7.751498;-0.1352892;0.7209585
1190080282;41.30639;-7.752217;-0.1353017;0.7209325
1190080295;41.30642;-7.752399;-0.1353049;0.720933
1190080317;41.3064;-7.752046;-0.1352987;0.7209328
1190080358;41.30426;-7.750323;-0.1352687;0.7208953
1190080360;41.30712;-7.75167;-0.1352922;0.7209453
1190080361;41.30435;-7.750275;-0.1352678;0.720897
1190080362;41.30793;-7.750497;-0.1352717;0.7209594
1190080384;41.30732;-7.751654;-0.1352919;0.7209488
1251374950;41.30713;-7.744914;-0.1351742;0.7209454
1251374952;41.30754;-7.742875;-0.1351387;0.7209525
1251374953;41.30722;-7.745197;-0.1351792;0.7209471
1251374956;41.30694;-7.742836;-0.135138;0.7209421
1251374965;41.30669;-7.744607;-0.1351689;0.7209377
1470044215;41.29482;-7.755116;-0.1353523;0.7207305
1470044218;41.29526;-7.751453;-0.1352884;0.7207383
1470044219;41.29548;-7.752793;-0.1353118;0.7207422
1470044220;41.29584;-7.752714;-0.1353104;0.7207484
1470044221;41.29585;-7.752876;-0.1353132;0.7207486
1470044222;41.2962;-7.75187;-0.1352957;0.7207546
1470044223;41.2962;-7.751347;-0.1352865;0.7207546
1470044224;41.2962;-7.753382;-0.135322;0.7207547
1470044225;41.29623;-7.750613;-0.1352737;0.7207551
1470044227;41.29629;-7.751014;-0.1352807;0.7207562
1470044229;41.29629;-7.753405;-0.1353225;0.7207562
1470044230;41.29672;-7.755783;-0.135364;0.7207637
1470044231;41.29706;-7.753109;-0.1353173;0.7207696
1470044232;41.29712;-7.753065;-0.1353165;0.7207707
1470044233;41.29732;-7.749798;-0.1352595;0.7207742
1470044234;41.2972;-7.748371;-0.1352346;0.720772
1470044236;41.30046;-7.755229;-0.1353543;0.720829
1470044238;41.30073;-7.755198;-0.1353537;0.7208338
1470044239;41.30103;-7.75057;-0.135273;0.7208389
1470044240;41.30129;-7.750327;-0.1352687;0.7208435
1470044242;41.30144;-7.75033;-0.1352688;0.7208461
1470044244;41.30167;-7.751062;-0.1352815;0.7208502
1470044245;41.30164;-7.750352;-0.1352692;0.7208497
1470044247;41.30154;-7.754768;-0.1353462;0.7208478
1470044249;41.3021;-7.750554;-0.1352727;0.7208576
1470044250;41.30214;-7.754944;-0.1353493;0.7208583
1470044251;41.30237;-7.755488;-0.1353588;0.7208623
1470044252;41.30247;-7.75087;-0.1352782;0.7208641
1470044253;41.30251;-7.750988;-0.1352803;0.7208647
1470044254;41.30375;-7.755291;-0.1353554;0.7208863
1573405448;41.29789;-7.755275;-0.1353551;0.7207842
1573405449;41.29949;-7.753864;-0.1353305;0.720812
1573405450;41.3046;-7.75041;-0.1352702;0.7209012
1573405451;41.30463;-7.750995;-0.1352804;0.7209017
1573405452;41.30473;-7.750716;-0.1352755;0.7209035
1573405467;41.30494;-7.75093;-0.1352793;0.7209071
1634677148;41.29436;-7.736607;-0.1350293;0.7207225
1634677150;41.29506;-7.735354;-0.1350074;0.7207348
1634677151;41.29472;-7.736829;-0.1350331;0.7207288
1634677152;41.29464;-7.736797;-0.1350326;0.7207275
1634677153;41.2943;-7.736507;-0.1350275;0.7207215
1634677154;41.29659;-7.739233;-0.1350751;0.7207614
1634677156;41.29495;-7.735311;-0.1350067;0.7207328
1634677164;41.29651;-7.739133;-0.1350734;0.7207601
1634677168;41.29487;-7.735327;-0.1350069;0.7207315
1634677169;41.29515;-7.735692;-0.1350133;0.7207363
1634677171;41.29644;-7.739042;-0.1350718;0.7207588
1634677172;41.29597;-7.738562;-0.1350634;0.7207507
1634677173;41.29443;-7.736674;-0.1350304;0.7207237
1634677174;41.29512;-7.735443;-0.1350089;0.7207358
1634677175;41.29474;-7.736792;-0.1350325;0.7207292
1634677181;41.29423;-7.736384;-0.1350254;0.7207202
1634677182;41.29414;-7.736212;-0.1350224;0.7207187
1634677183;41.29512;-7.735829;-0.1350157;0.7207357
1634677184;41.29624;-7.738838;-0.1350682;0.7207553
1634677186;41.29455;-7.736727;-0.1350314;0.7207258
1634677187;41.29683;-7.739448;-0.1350788;0.7207657
1634677188;41.29636;-7.738948;-0.1350701;0.7207574
1634677189;41.29667;-7.739358;-0.1350773;0.7207628
1634677190;41.29614;-7.738747;-0.1350666;0.7207537
1634677192;41.29604;-7.738643;-0.1350648;0.7207519
1708863602;41.29459;-7.737344;-0.1350421;0.7207266
1708863609;41.29475;-7.754919;-0.1353489;0.7207294
1708863703;41.29519;-7.746969;-0.1352101;0.7207369
1708863724;41.29528;-7.751272;-0.1352852;0.7207386
1708863748;41.29541;-7.746383;-0.1351999;0.7207409
1708863751;41.29543;-7.746538;-0.1352026;0.7207412
1708863752;41.29547;-7.746842;-0.1352079;0.7207419
1708863757;41.29553;-7.746942;-0.1352096;0.720743
1708863763;41.29555;-7.746189;-0.1351965;0.7207433
1708863767;41.29555;-7.746346;-0.1351992;0.7207434
1708863771;41.29557;-7.746791;-0.135207;0.7207437
1708863803;41.29575;-7.750993;-0.1352804;0.7207468
1708863850;41.29716;-7.749918;-0.1352616;0.7207714
1708863866;41.29741;-7.745831;-0.1351902;0.7207758
1708863887;41.29741;-7.745723;-0.1351884;0.7207758
1708863893;41.29742;-7.74592;-0.1351918;0.720776
1708863895;41.29743;-7.749632;-0.1352566;0.7207761
1708863898;41.29743;-7.745655;-0.1351872;0.7207761
1708863901;41.29742;-7.748663;-0.1352397;0.720776
1708863903;41.29744;-7.745986;-0.1351929;0.7207764
1708863907;41.29747;-7.745601;-0.1351862;0.7207768
1708863911;41.29748;-7.748879;-0.1352435;0.720777
1708863914;41.29749;-7.746034;-0.1351938;0.7207771
1708863936;41.29749;-7.749507;-0.1352544;0.7207772
1708863939;41.2975;-7.749371;-0.135252;0.7207773
1708863942;41.29752;-7.745572;-0.1351857;0.7207776
1708863946;41.29753;-7.746059;-0.1351942;0.7207779
1708863950;41.29755;-7.749205;-0.1352491;0.7207783
1708863954;41.29757;-7.749269;-0.1352503;0.7207786
1708863960;41.29756;-7.749171;-0.1352485;0.7207784
1708863964;41.29757;-7.749424;-0.135253;0.7207785
1708863967;41.29757;-7.745569;-0.1351857;0.7207786
1708863969;41.29758;-7.749295;-0.1352507;0.7207788
1708863987;41.29757;-7.74914;-0.135248;0.7207786
1708863992;41.29759;-7.746057;-0.1351942;0.7207789
1708863999;41.29761;-7.749312;-0.135251;0.7207792
1708864004;41.2976;-7.749117;-0.1352476;0.720779
1708864006;41.29763;-7.74932;-0.1352511;0.7207796
1708864007;41.29767;-7.749109;-0.1352475;0.7207803
1708864009;41.29766;-7.749317;-0.1352511;0.7207801
1708864010;41.2977;-7.749142;-0.135248;0.7207809
1708864022;41.29768;-7.745577;-0.1351858;0.7207804
1708864028;41.29771;-7.749246;-0.1352499;0.7207811
1708864030;41.29769;-7.746022;-0.1351936;0.7207807
1708864033;41.29772;-7.749209;-0.1352492;0.7207812
1708864036;41.29771;-7.749174;-0.1352486;0.7207811
1708864037;41.29776;-7.749344;-0.1352516;0.7207818
1708864038;41.29779;-7.749212;-0.1352493;0.7207823
1708864073;41.29848;-7.752257;-0.1353024;0.7207944
1708864077;41.29863;-7.752703;-0.1353102;0.7207971
1708864079;41.29879;-7.75137;-0.1352869;0.7207999
1708864083;41.2988;-7.751472;-0.1352887;0.7208
1708864092;41.29883;-7.751261;-0.135285;0.7208005
1708864094;41.29884;-7.751558;-0.1352902;0.7208008
1708864099;41.29886;-7.751213;-0.1352842;0.7208011
1708864106;41.29897;-7.751626;-0.1352914;0.7208031
1708864108;41.29904;-7.751189;-0.1352838;0.7208042
1708864111;41.29907;-7.751582;-0.1352906;0.7208048
1708864123;41.29908;-7.751226;-0.1352844;0.7208049
1708864127;41.2991;-7.751534;-0.1352898;0.7208053
1708864128;41.2991;-7.751677;-0.1352923;0.7208052
1708864130;41.29911;-7.751277;-0.1352853;0.7208055
1708864133;41.29913;-7.751474;-0.1352887;0.7208057
1708864135;41.29914;-7.751407;-0.1352876;0.7208059
1708864136;41.29918;-7.75155;-0.1352901;0.7208067
1708864141;41.29924;-7.751814;-0.1352947;0.7208077
1708864143;41.29928;-7.751759;-0.1352937;0.7208084
1708864164;41.29944;-7.752089;-0.1352995;0.7208112
1708864165;41.2995;-7.752051;-0.1352988;0.7208123
1708864169;41.29996;-7.754943;-0.1353493;0.7208204
1708864206;41.30116;-7.753391;-0.1353222;0.7208413
1708864222;41.30179;-7.754731;-0.1353456;0.7208523
1708864233;41.30314;-7.740309;-0.1350939;0.7208758
1708864235;41.3032;-7.740179;-0.1350916;0.7208768
1708864237;41.30323;-7.740024;-0.1350889;0.7208774
1708864238;41.30325;-7.755531;-0.1353596;0.7208776
1708864241;41.30341;-7.740641;-0.1350997;0.7208806
1708864242;41.30342;-7.740758;-0.1351017;0.7208807
1708864246;41.30368;-7.740117;-0.1350905;0.7208853
1708864270;41.30471;-7.740417;-0.1350958;0.7209033
1708864297;41.30491;-7.7402;-0.135092;0.7209067
1708864299;41.30491;-7.740285;-0.1350935;0.7209067
1708864300;41.30494;-7.740354;-0.1350947;0.7209073
1708864322;41.30525;-7.740116;-0.1350905;0.7209126
1708864323;41.30527;-7.740263;-0.1350931;0.7209129
1708864324;41.30528;-7.740186;-0.1350917;0.7209131
1708864338;41.30563;-7.740075;-0.1350898;0.7209192
1708864342;41.30569;-7.740145;-0.135091;0.7209204
1708864401;41.30653;-7.739515;-0.13508;0.7209349
1708864405;41.30656;-7.741592;-0.1351163;0.7209354
1708864411;41.30656;-7.741537;-0.1351153;0.7209355
1708864412;41.30657;-7.741647;-0.1351172;0.7209356
1708864413;41.30659;-7.741693;-0.135118;0.720936
1708864415;41.30663;-7.741724;-0.1351186;0.7209366
1708864439;41.30666;-7.741443;-0.1351137;0.7209373
1708864442;41.30667;-7.741734;-0.1351187;0.7209374
1708864444;41.30671;-7.741452;-0.1351138;0.720938
1708864446;41.30671;-7.741721;-0.1351185;0.7209381
1708864447;41.30674;-7.741482;-0.1351144;0.7209386
1708864449;41.30675;-7.741688;-0.1351179;0.7209387
1708864452;41.30677;-7.741529;-0.1351152;0.7209391
1708864455;41.30677;-7.74164;-0.1351171;0.7209392
1708864459;41.30677;-7.741584;-0.1351161;0.7209392
1708864465;41.30681;-7.741127;-0.1351082;0.7209399
1708864486;41.30682;-7.741529;-0.1351152;0.72094
1708864489;41.30688;-7.741111;-0.1351079;0.7209411
1708864504;41.30735;-7.740706;-0.1351008;0.7209493
1708864506;41.30736;-7.740788;-0.1351022;0.7209495
1708864511;41.30748;-7.737546;-0.1350456;0.7209516
1708864604;41.30786;-7.740313;-0.1350939;0.7209582
1708864615;41.30807;-7.738334;-0.1350594;0.7209619
1708864634;41.30844;-7.739395;-0.1350779;0.7209682
1708864636;41.30846;-7.739461;-0.1350791;0.7209687
1708864638;41.30847;-7.739622;-0.1350819;0.7209688
1708864670;41.30857;-7.735416;-0.1350085;0.7209706
1708864747;41.30902;-7.738767;-0.135067;0.7209784
1708864772;41.30909;-7.737933;-0.1350524;0.7209796
1708864829;41.30922;-7.73869;-0.1350656;0.7209818
1708865035;41.30962;-7.735988;-0.1350185;0.7209888
1708865097;41.30972;-7.735559;-0.135011;0.7209907
1713159312;41.30326;-7.747689;-0.1352227;0.7208779
1713159315;41.29691;-7.747571;-0.1352206;0.720767
1713159319;41.30444;-7.747194;-0.135214;0.7208984
1713159322;41.30433;-7.747582;-0.1352208;0.7208966
1713159324;41.30267;-7.748466;-0.1352362;0.7208676
1713159325;41.30464;-7.746348;-0.1351993;0.720902
1713159327;41.30418;-7.747128;-0.1352129;0.7208939
1713159329;41.30626;-7.747223;-0.1352146;0.7209303
1713159336;41.30505;-7.746531;-0.1352025;0.7209091
1713159337;41.30417;-7.747561;-0.1352204;0.7208938
1713159338;41.30327;-7.748435;-0.1352357;0.720878
1713159341;41.30508;-7.747014;-0.1352109;0.7209097
1713159342;41.30467;-7.747768;-0.1352241;0.7209024
1713159344;41.30255;-7.748628;-0.1352391;0.7208655
1713159349;41.29599;-7.747073;-0.1352119;0.720751
1713159351;41.30561;-7.748971;-0.1352451;0.7209188
1713159356;41.30242;-7.749181;-0.1352487;0.7208632
1713159368;41.30559;-7.744695;-0.1351704;0.7209185
1713159370;41.29832;-7.749116;-0.1352476;0.7207916
1713159371;41.30465;-7.748246;-0.1352324;0.7209021
1713159372;41.30365;-7.747394;-0.1352175;0.7208846
1713159374;41.30687;-7.746036;-0.1351938;0.7209409
1713159375;41.30489;-7.746872;-0.1352084;0.7209063
1713159377;41.30474;-7.746793;-0.135207;0.7209038
1713159379;41.3037;-7.748149;-0.1352307;0.7208855
1713159381;41.30506;-7.749401;-0.1352526;0.7209092
1713159398;41.30438;-7.746652;-0.1352046;0.7208974
1713159399;41.30298;-7.74823;-0.1352321;0.7208731
1713159400;41.30546;-7.749475;-0.1352539;0.7209163
1713159402;41.30542;-7.746751;-0.1352063;0.7209156
1713159403;41.30322;-7.747752;-0.1352238;0.7208771
1713159404;41.30669;-7.74638;-0.1351998;0.7209377
1713159405;41.29776;-7.748176;-0.1352312;0.720782
1713159408;41.30383;-7.747797;-0.1352246;0.7208879
1713159421;41.30319;-7.747854;-0.1352256;0.7208767
1713159423;41.29977;-7.742351;-0.1351295;0.720817
1713159425;41.30488;-7.747891;-0.1352262;0.7209061
1713159426;41.30453;-7.748122;-0.1352302;0.7209001
1713159428;41.30674;-7.746346;-0.1351992;0.7209386
1713159429;41.30679;-7.746193;-0.1351966;0.7209395
1713159431;41.30369;-7.747748;-0.1352237;0.7208853
1713159434;41.30387;-7.747821;-0.135225;0.7208886
1713159446;41.30496;-7.748006;-0.1352282;0.7209075
1713159449;41.30711;-7.745426;-0.1351832;0.720945
1713159451;41.30373;-7.748053;-0.135229;0.7208862
1713159454;41.29903;-7.743516;-0.1351499;0.720804
1713159456;41.30362;-7.748215;-0.1352319;0.7208841
1713159457;41.30247;-7.748923;-0.1352442;0.7208642
1713159458;41.30248;-7.748884;-0.1352435;0.7208643
1713159459;41.30518;-7.747763;-0.135224;0.7209113
1713159469;41.30276;-7.748955;-0.1352448;0.7208692
1713159472;41.3027;-7.749029;-0.1352461;0.7208682
1713159473;41.3004;-7.748816;-0.1352424;0.7208279
1713159476;41.30341;-7.747539;-0.1352201;0.7208806
1713159479;41.3039;-7.747587;-0.1352209;0.720889
1713159481;41.30374;-7.747936;-0.135227;0.7208863
1713159483;41.30693;-7.745882;-0.1351911;0.720942
1713159486;41.29935;-7.743677;-0.1351527;0.7208096
1713159496;41.29821;-7.749694;-0.1352577;0.7207897
1713159498;41.29829;-7.748971;-0.1352451;0.7207912
1713159500;41.30532;-7.745613;-0.1351864;0.7209138
1713159502;41.30151;-7.74866;-0.1352396;0.7208473
1713159508;41.30236;-7.749417;-0.1352528;0.7208622
1713159510;41.30577;-7.746951;-0.1352098;0.7209218
1713159514;41.30391;-7.747276;-0.1352155;0.7208892
1713159519;41.29731;-7.74779;-0.1352244;0.7207741
1713159539;41.30435;-7.748038;-0.1352288;0.720897
1713159541;41.3045;-7.747234;-0.1352147;0.7208996
1713159545;41.30461;-7.746745;-0.1352062;0.7209014
1713159546;41.30318;-7.748091;-0.1352297;0.7208766
1713159549;41.30036;-7.748814;-0.1352423;0.7208272
1713159551;41.29829;-7.749356;-0.1352518;0.7207911
1713159553;41.29924;-7.743256;-0.1351453;0.7208077
1713159556;41.30294;-7.748675;-0.1352399;0.7208723
1713159558;41.30607;-7.747115;-0.1352127;0.7209269
1713159582;41.29939;-7.743001;-0.1351409;0.7208103
1713159588;41.30386;-7.747945;-0.1352272;0.7208883
1713159590;41.30573;-7.74865;-0.1352395;0.720921
1713159592;41.29933;-7.74358;-0.135151;0.7208092
1713159594;41.30263;-7.748998;-0.1352455;0.7208669
1713159598;41.29801;-7.748494;-0.1352367;0.7207863
1713159628;41.29818;-7.748767;-0.1352415;0.7207891
1713159632;41.30664;-7.746365;-0.1351996;0.720937
1713159635;41.30438;-7.747233;-0.1352147;0.7208975
1713159643;41.29644;-7.747237;-0.1352148;0.7207588
1713159644;41.30518;-7.747131;-0.1352129;0.7209113
1713159646;41.29876;-7.743677;-0.1351527;0.7207993
1713159654;41.29923;-7.743282;-0.1351458;0.7208075
1713159675;41.29611;-7.747073;-0.1352119;0.7207531
1713159679;41.30318;-7.747962;-0.1352274;0.7208766
1713159683;41.30492;-7.747486;-0.1352191;0.7209069
1713159686;41.30346;-7.747902;-0.1352264;0.7208813
1713159690;41.30303;-7.748575;-0.1352381;0.7208739
1713159693;41.30509;-7.747582;-0.1352208;0.7209098
1719272253;41.30546;-7.745696;-0.1351879;0.7209163
1719272269;41.30555;-7.743141;-0.1351433;0.7209179
1719272288;41.30598;-7.742236;-0.1351275;0.7209255
1719272293;41.30611;-7.742197;-0.1351268;0.7209277
1719272301;41.30637;-7.742936;-0.1351397;0.7209321
1719272306;41.3064;-7.745026;-0.1351762;0.7209326
1719272329;41.30656;-7.745098;-0.1351775;0.7209355
1719285850;41.30399;-7.755287;-0.1353553;0.7208906
1719285858;41.30523;-7.755257;-0.1353548;0.7209122
1719285859;41.30531;-7.755346;-0.1353563;0.7209136
1719285860;41.30552;-7.755748;-0.1353633;0.7209173
1719285862;41.30582;-7.756009;-0.1353679;0.7209226
1719285869;41.30608;-7.756141;-0.1353702;0.7209271
1719285877;41.30696;-7.756375;-0.1353743;0.7209424
1904393508;41.30172;-7.750039;-0.1352637;0.7208511
1904393510;41.30927;-7.735861;-0.1350162;0.7209827
1904393514;41.30349;-7.751142;-0.1352829;0.7208819
1904393524;41.30313;-7.751365;-0.1352868;0.7208756
1904393544;41.309;-7.735714;-0.1350137;0.7209781
1904393546;41.30334;-7.751609;-0.1352911;0.7208793
1904393547;41.30569;-7.744315;-0.1351638;0.7209203
1904393561;41.30178;-7.750077;-0.1352644;0.720852
1904393582;41.30575;-7.744272;-0.1351631;0.7209214
1904393583;41.30166;-7.7494;-0.1352525;0.72085
1904393584;41.30565;-7.744492;-0.1351669;0.7209196
1904393585;41.30355;-7.75134;-0.1352864;0.7208829
1904393589;41.30338;-7.751061;-0.1352815;0.72088
1904393596;41.30322;-7.751557;-0.1352902;0.7208771
1904393619;41.30236;-7.749218;-0.1352494;0.7208623
1904393623;41.30325;-7.751081;-0.1352819;0.7208778
1904393626;41.30166;-7.749905;-0.1352614;0.7208499
1904393633;41.30923;-7.735796;-0.1350151;0.720982
1904393663;41.30596;-7.744315;-0.1351638;0.720925
1904393667;41.30895;-7.735711;-0.1350136;0.7209772
1904393669;41.30169;-7.749598;-0.135256;0.7208504
1904393680;41.30157;-7.74963;-0.1352566;0.7208483
1904393682;41.30316;-7.7512;-0.135284;0.7208761
1904393689;41.30903;-7.735716;-0.1350137;0.7209786
1904393691;41.30348;-7.751536;-0.1352898;0.7208817
1904393699;41.30232;-7.750077;-0.1352644;0.7208615
1904414130;41.29609;-7.74458;-0.1351684;0.7207528
1904414133;41.29918;-7.749673;-0.1352573;0.7208067
1904414134;41.29741;-7.7438;-0.1351548;0.7207758
1904414135;41.29911;-7.749748;-0.1352586;0.7208054
1904414136;41.2968;-7.744219;-0.1351621;0.7207652
1904414137;41.29592;-7.744761;-0.1351716;0.7207498
1904414140;41.29957;-7.748934;-0.1352444;0.7208135
1904414142;41.29749;-7.743661;-0.1351524;0.7207772
1904414159;41.29762;-7.743405;-0.1351479;0.7207795
1904414162;41.29542;-7.74591;-0.1351916;0.720741
1904414163;41.29551;-7.745307;-0.1351811;0.7207426
1904414164;41.30015;-7.748737;-0.135241;0.7208236
1904414165;41.29621;-7.74602;-0.1351936;0.7207548
1904414166;41.29734;-7.743902;-0.1351566;0.7207745
1904414169;41.29777;-7.743162;-0.1351437;0.7207821
1904414170;41.29581;-7.744921;-0.1351744;0.7207478
1904414171;41.2991;-7.747609;-0.1352213;0.7208052
1904414173;41.29943;-7.747137;-0.135213;0.7208111
1904414177;41.29557;-7.745222;-0.1351796;0.7207436
1904414179;41.3003;-7.748627;-0.135239;0.7208263
1904414181;41.3001;-7.749187;-0.1352488;0.7208227
1904414183;41.29995;-7.749302;-0.1352508;0.7208201
1904414197;41.29577;-7.744975;-0.1351753;0.7207472
1904414199;41.2979;-7.745547;-0.1351853;0.7207843
1904414201;41.2995;-7.746984;-0.1352104;0.7208123
1904414202;41.29604;-7.744621;-0.1351691;0.7207519
1904414204;41.29973;-7.749382;-0.1352522;0.7208163
1904414205;41.2982;-7.742717;-0.1351359;0.7207896
1904414206;41.29564;-7.745121;-0.1351779;0.7207449
1904414209;41.29623;-7.744471;-0.1351665;0.7207553
1904414211;41.30035;-7.749074;-0.1352469;0.720827
1904414212;41.29651;-7.744315;-0.1351638;0.7207601
1904414216;41.29908;-7.747705;-0.135223;0.7208049
1904414218;41.2991;-7.747786;-0.1352244;0.7208052
1904414220;41.29833;-7.742579;-0.1351335;0.7207918
1904414222;41.29537;-7.745349;-0.1351818;0.7207401
1904414223;41.29803;-7.742835;-0.135138;0.7207866
1904414237;41.29972;-7.749027;-0.135246;0.7208162
1904414240;41.29786;-7.743029;-0.1351413;0.7207835
1904414242;41.29699;-7.744127;-0.1351605;0.7207685
1904414243;41.29725;-7.743983;-0.135158;0.7207729
1904414244;41.29964;-7.749036;-0.1352462;0.7208147
1904414245;41.29592;-7.744231;-0.1351623;0.7207498
1904414247;41.30045;-7.749148;-0.1352482;0.7208289
1904414248;41.30024;-7.749085;-0.1352471;0.7208253
1904414249;41.29985;-7.748957;-0.1352448;0.7208183
1904414251;41.29925;-7.747375;-0.1352172;0.7208079
1904435452;41.29817;-7.749516;-0.1352546;0.7207891
1904435453;41.30725;-7.743693;-0.1351529;0.7209476
1904435454;41.30734;-7.741424;-0.1351133;0.7209491
1904435455;41.3078;-7.744334;-0.1351641;0.720957
1904435457;41.30792;-7.742851;-0.1351382;0.7209592
1904435458;41.30959;-7.73939;-0.1350778;0.7209883
1904435460;41.29782;-7.749211;-0.1352493;0.7207829
1904435461;41.30933;-7.741638;-0.1351171;0.7209839
1904435462;41.30808;-7.742652;-0.1351348;0.720962
1904435463;41.30938;-7.741858;-0.1351209;0.7209848
1904435464;41.3082;-7.739922;-0.1350871;0.7209642
1904435465;41.30837;-7.739948;-0.1350876;0.7209671
1904435466;41.30873;-7.742271;-0.1351281;0.7209733
1904435468;41.30807;-7.74225;-0.1351278;0.7209619
1904435470;41.30817;-7.742148;-0.135126;0.7209636
1904435471;41.30884;-7.741472;-0.1351142;0.7209753
1904435473;41.30946;-7.741743;-0.1351189;0.7209861
1904435474;41.30989;-7.738832;-0.1350681;0.7209936
1904435475;41.30777;-7.741611;-0.1351166;0.7209565
1904435477;41.29791;-7.749267;-0.1352502;0.7207845
1904435478;41.29824;-7.74914;-0.135248;0.7207903
1904435479;41.30911;-7.741157;-0.1351087;0.72098
1904435481;41.30801;-7.741499;-0.1351146;0.7209609
1904435483;41.29824;-7.749001;-0.1352456;0.7207903
1904435484;41.3097;-7.740699;-0.1351007;0.7209903
1904435485;41.309;-7.742014;-0.1351236;0.720978
1904435486;41.30886;-7.74262;-0.1351342;0.7209757
1904435488;41.30885;-7.7407;-0.1351007;0.7209753
1904435489;41.29824;-7.748871;-0.1352433;0.7207902
1904435490;41.3095;-7.742219;-0.1351272;0.7209867
1904435491;41.29802;-7.747737;-0.1352235;0.7207863
1904435492;41.29805;-7.749495;-0.1352542;0.7207869
1904435493;41.30747;-7.74203;-0.1351239;0.7209513
1904435494;41.30921;-7.741328;-0.1351117;0.7209818
1904435495;41.30756;-7.742783;-0.1351371;0.7209529
1904435497;41.30839;-7.743162;-0.1351437;0.7209674
1904435498;41.30916;-7.74238;-0.13513;0.7209809
1904435499;41.30742;-7.742116;-0.1351254;0.7209505
1904435500;41.29822;-7.749318;-0.1352511;0.72079
1904435501;41.3076;-7.741896;-0.1351216;0.7209536
1904435502;41.31034;-7.740281;-0.1350934;0.7210014
1904435503;41.30937;-7.741606;-0.1351165;0.7209846
1904435504;41.30737;-7.740994;-0.1351058;0.7209495
1904435505;41.29849;-7.748233;-0.1352322;0.7207946
1904435506;41.30728;-7.74247;-0.1351316;0.720948
1904435507;41.30895;-7.741796;-0.1351198;0.7209772
1904435508;41.30761;-7.744122;-0.1351604;0.7209539
1904435509;41.30962;-7.742069;-0.1351246;0.7209889
1904435510;41.30925;-7.741907;-0.1351218;0.7209824
1904435511;41.3073;-7.742085;-0.1351249;0.7209485
1904435512;41.29808;-7.749556;-0.1352553;0.7207874
1904435513;41.29821;-7.749433;-0.1352531;0.7207897
1904435517;41.29786;-7.749218;-0.1352494;0.7207837
1904435518;41.30751;-7.7437;-0.1351531;0.720952
1904435519;41.29834;-7.748052;-0.135229;0.7207919
1904435520;41.30728;-7.742858;-0.1351384;0.720948
1904435521;41.30959;-7.74195;-0.1351225;0.7209883
1904435523;41.30799;-7.742266;-0.135128;0.7209605
1904435525;41.30783;-7.742818;-0.1351377;0.7209576
1904435526;41.3075;-7.74401;-0.1351585;0.7209519
1904435529;41.3075;-7.744133;-0.1351606;0.7209518
1904435530;41.30766;-7.741697;-0.1351181;0.7209547
1904435531;41.30791;-7.742277;-0.1351282;0.7209591
1904435532;41.3074;-7.742084;-0.1351248;0.7209501
1904435533;41.29812;-7.749551;-0.1352552;0.7207882
1904435536;41.29837;-7.748242;-0.1352323;0.7207926
1904435537;41.29829;-7.748156;-0.1352308;0.7207911
1904435538;41.31007;-7.739958;-0.1350878;0.7209967
1904435540;41.30862;-7.742066;-0.1351245;0.7209715
1904435541;41.29798;-7.749379;-0.1352522;0.7207857
1904435542;41.30765;-7.741848;-0.1351207;0.7209545
1904435543;41.30764;-7.742766;-0.1351368;0.7209543
1904435544;41.3079;-7.744095;-0.13516;0.7209588
1904435545;41.30867;-7.742014;-0.1351236;0.7209722
1904435546;41.30776;-7.742234;-0.1351275;0.7209564
1904435547;41.29855;-7.748191;-0.1352314;0.7207956
1904435548;41.29797;-7.747828;-0.1352251;0.7207856
1904435549;41.30841;-7.739954;-0.1350877;0.7209678
1904435550;41.30875;-7.742303;-0.1351287;0.7209736
1904435552;41.30812;-7.743569;-0.1351508;0.7209627
1904437921;41.30702;-7.742186;-0.1351266;0.7209435
1904437922;41.30702;-7.742024;-0.1351238;0.7209435
1904437923;41.3072;-7.744251;-0.1351627;0.7209466
1904437924;41.30716;-7.741343;-0.1351119;0.720946
1904437925;41.30697;-7.743805;-0.1351549;0.7209427
1904437926;41.307;-7.742556;-0.1351331;0.7209431
1904437928;41.30695;-7.744133;-0.1351606;0.7209423
1906214241;41.30371;-7.736703;-0.1350309;0.7208858
1906214441;41.29797;-7.73503;-0.1350017;0.7207856
1906215941;41.30179;-7.736844;-0.1350334;0.7208522
1906215953;41.30112;-7.737954;-0.1350528;0.7208405
1906215996;41.30141;-7.737487;-0.1350446;0.7208455
1906216039;41.30279;-7.741424;-0.1351133;0.7208697
1906216051;41.30274;-7.741151;-0.1351086;0.7208688
1906216058;41.30091;-7.738314;-0.1350591;0.7208369
1906217048;41.30783;-7.746423;-0.1352006;0.7209577
1906217051;41.30571;-7.74542;-0.1351831;0.7209206
1906217054;41.3084;-7.744747;-0.1351713;0.7209677
1906217055;41.30794;-7.746456;-0.1352012;0.7209596
1906217056;41.30869;-7.74468;-0.1351702;0.7209727
1906217057;41.30608;-7.745404;-0.1351828;0.720927
1906217060;41.30801;-7.746423;-0.1352006;0.7209609
1906217061;41.30906;-7.744563;-0.1351681;0.7209791
1906217062;41.30914;-7.744551;-0.1351679;0.7209805
1906217065;41.30952;-7.744562;-0.1351681;0.7209871
1906217066;41.30938;-7.744562;-0.1351681;0.7209846
1906217070;41.30706;-7.745699;-0.135188;0.7209442
1906217071;41.30835;-7.745624;-0.1351866;0.7209667
1906217073;41.30587;-7.744792;-0.1351721;0.7209234
1906217075;41.3101;-7.744884;-0.1351737;0.7209973
1906217076;41.30929;-7.745152;-0.1351784;0.7209831
1906217077;41.30968;-7.744608;-0.1351689;0.7209899
1906217078;41.30833;-7.745045;-0.1351765;0.7209665
1906217079;41.31009;-7.744943;-0.1351748;0.7209972
1906217080;41.30875;-7.745372;-0.1351822;0.7209738
1906217081;41.30869;-7.745452;-0.1351836;0.7209727
1906217082;41.30873;-7.745431;-0.1351833;0.7209734
1906217083;41.30704;-7.745871;-0.1351909;0.7209438
1906217086;41.30707;-7.746037;-0.1351939;0.7209444
1906217087;41.30944;-7.745147;-0.1351783;0.7209857
1906217088;41.30957;-7.745039;-0.1351764;0.7209881
1906217089;41.30901;-7.74488;-0.1351736;0.7209783
1906217090;41.30751;-7.746263;-0.1351978;0.720952
1906217091;41.30903;-7.744676;-0.1351701;0.7209786
1906217092;41.30904;-7.745152;-0.1351784;0.7209789
1906217093;41.30901;-7.745077;-0.1351771;0.7209783
1906217094;41.30819;-7.745652;-0.1351871;0.720964
1906217095;41.30861;-7.744707;-0.1351706;0.7209712
1906217096;41.30952;-7.745109;-0.1351777;0.7209871
1906217097;41.3099;-7.744719;-0.1351708;0.7209938
1906217102;41.30875;-7.744696;-0.1351704;0.7209736
1906217103;41.30876;-7.744744;-0.1351713;0.7209738
1906825285;41.30981;-7.740472;-0.1350967;0.7209922
1906825286;41.30925;-7.740035;-0.1350891;0.7209824
1911291831;41.30502;-7.742915;-0.1351394;0.7209086
1911291832;41.30503;-7.742894;-0.135139;0.7209089
1911291833;41.30497;-7.742555;-0.1351331;0.7209078
1911291834;41.30453;-7.743105;-0.1351427;0.7209
1911291835;41.30489;-7.74205;-0.1351243;0.7209063
1911291836;41.30503;-7.742832;-0.1351379;0.7209087
1911291837;41.30457;-7.742698;-0.1351356;0.7209007
1911295603;41.30433;-7.746331;-0.135199;0.7208966
1911295607;41.30437;-7.746496;-0.1352019;0.7208973
1911295611;41.30442;-7.746342;-0.1351992;0.7208982
1911295615;41.30442;-7.746468;-0.1352014;0.7208982
1911295619;41.30437;-7.746316;-0.1351987;0.7208972
1911295623;41.3043;-7.746402;-0.1352002;0.7208961
1911295626;41.30441;-7.746327;-0.1351989;0.7208979
1911295629;41.30432;-7.746349;-0.1351993;0.7208964
1911295633;41.30431;-7.746435;-0.1352008;0.7208961
1911295637;41.30432;-7.746461;-0.1352013;0.7208964
1911295641;41.30434;-7.746483;-0.1352016;0.7208967
1911295650;41.30436;-7.746319;-0.1351988;0.720897
1911295653;41.30439;-7.746492;-0.1352018;0.7208977
1911295656;41.30444;-7.746427;-0.1352007;0.7208984
1911295659;41.30435;-7.746492;-0.1352018;0.720897
1911295662;41.30444;-7.746397;-0.1352001;0.7208984
1911295664;41.30443;-7.746365;-0.1351996;0.7208983
1911295666;41.30439;-7.746319;-0.1351988;0.7208976
1911295672;41.30431;-7.746383;-0.1351999;0.7208961
1911295675;41.30444;-7.746442;-0.1352009;0.7208984
1911303099;41.29533;-7.745084;-0.1351772;0.7207395
1925532276;41.29585;-7.74789;-0.1352262;0.7207485
1925532278;41.29583;-7.74779;-0.1352244;0.7207482
1925532283;41.29539;-7.747927;-0.1352268;0.7207406
1925532312;41.29538;-7.747826;-0.1352251;0.7207404
1925581148;41.29797;-7.751194;-0.1352839;0.7207856
1925581149;41.29586;-7.752099;-0.1352997;0.7207487
1925581151;41.29735;-7.752072;-0.1352992;0.7207747
1925581154;41.29807;-7.749991;-0.1352629;0.7207873
1925581156;41.29708;-7.753228;-0.1353194;0.7207701
1925581162;41.2965;-7.755614;-0.135361;0.72076
1925581164;41.29692;-7.753848;-0.1353302;0.7207672
1925581166;41.29657;-7.755644;-0.1353615;0.7207611
1925581169;41.29487;-7.75465;-0.1353442;0.7207315
1925581171;41.29747;-7.752165;-0.1353008;0.7207769
1925581172;41.29808;-7.75115;-0.1352831;0.7207875
1925581175;41.2948;-7.754601;-0.1353433;0.7207302
1925581177;41.29673;-7.751973;-0.1352975;0.7207639
1925581178;41.29745;-7.752224;-0.1353018;0.7207765
1925581180;41.29778;-7.750372;-0.1352695;0.7207823
1925581182;41.29575;-7.755182;-0.1353535;0.7207468
1925581187;41.2977;-7.750546;-0.1352725;0.7207808
1925581189;41.29794;-7.751805;-0.1352945;0.7207851
1925581192;41.29742;-7.752111;-0.1352999;0.720776
1925581193;41.2979;-7.751801;-0.1352945;0.7207843
1925581196;41.29573;-7.751777;-0.135294;0.7207464
1925581198;41.29689;-7.754143;-0.1353353;0.7207667
1925581202;41.29681;-7.755005;-0.1353504;0.7207652
1925581204;41.29671;-7.755347;-0.1353563;0.7207636
1925581206;41.29753;-7.752032;-0.1352985;0.7207778
1925581208;41.29792;-7.751191;-0.1352838;0.7207847
1925581211;41.29574;-7.751608;-0.1352911;0.7207466
1925581212;41.29841;-7.751127;-0.1352827;0.7207932
1925581214;41.29667;-7.751554;-0.1352901;0.7207629
1925581217;41.29737;-7.752444;-0.1353057;0.7207751
1925581219;41.29548;-7.755013;-0.1353505;0.720742
1925581223;41.29687;-7.754685;-0.1353448;0.7207664
1925581225;41.29686;-7.754834;-0.1353474;0.7207661
1925581236;41.29599;-7.752349;-0.135304;0.720751
1925581237;41.29696;-7.753647;-0.1353267;0.7207679
1925581239;41.29705;-7.752046;-0.1352987;0.7207695
1925581241;41.29766;-7.750836;-0.1352776;0.7207801
1925581243;41.29761;-7.75154;-0.1352899;0.7207792
1925581244;41.29571;-7.75167;-0.1352922;0.7207462
1925581248;41.29686;-7.75174;-0.1352934;0.7207661
1925581252;41.2981;-7.74994;-0.135262;0.7207878
1925581254;41.29597;-7.754572;-0.1353428;0.7207506
1925581256;41.29774;-7.75042;-0.1352703;0.7207815
1925581258;41.2979;-7.750235;-0.1352671;0.7207844
1925581259;41.29717;-7.751952;-0.1352971;0.7207716
1925581262;41.29765;-7.751171;-0.1352835;0.7207799
1925581264;41.29673;-7.751657;-0.1352919;0.7207639
1925581265;41.2966;-7.755628;-0.1353612;0.7207617
1925581267;41.298;-7.750117;-0.1352651;0.7207862
1925581268;41.29594;-7.755301;-0.1353555;0.72075
1925581270;41.29723;-7.752783;-0.1353116;0.7207726
1925581280;41.29689;-7.754498;-0.1353415;0.7207667
1925581282;41.29664;-7.755554;-0.1353599;0.7207624
1925581288;41.29728;-7.752023;-0.1352983;0.7207735
1925582750;41.29679;-7.755047;-0.1353511;0.7207651
1925582752;41.29669;-7.755394;-0.1353572;0.7207633
1925582754;41.29586;-7.75488;-0.1353482;0.7207487
1925596134;41.29779;-7.755123;-0.1353524;0.7207824
1925596147;41.29775;-7.754882;-0.1353482;0.7207817
1925596150;41.29742;-7.75417;-0.1353358;0.720776
1925596151;41.29741;-7.754623;-0.1353437;0.7207758
1925596152;41.29659;-7.754554;-0.1353425;0.7207614
1925596155;41.29752;-7.754191;-0.1353362;0.7207776
1925596159;41.29772;-7.754561;-0.1353426;0.7207812
1925596177;41.29724;-7.75418;-0.135336;0.7207728
1925596178;41.29759;-7.754245;-0.1353371;0.7207789
1925596180;41.29688;-7.754621;-0.1353437;0.7207665
1925596183;41.29702;-7.754175;-0.1353359;0.720769
1925596188;41.29688;-7.754579;-0.1353429;0.7207665
1925596194;41.29765;-7.754312;-0.1353383;0.72078
1925596199;41.29796;-7.755704;-0.1353626;0.7207853
1925596204;41.29781;-7.755192;-0.1353536;0.7207828
1925596206;41.2979;-7.755507;-0.1353591;0.7207843
1925596209;41.2977;-7.754421;-0.1353402;0.7207807
1925604188;41.29649;-7.755607;-0.1353609;0.7207598
1925612606;41.29523;-7.752072;-0.1352992;0.7207377
1925612608;41.29517;-7.754454;-0.1353408;0.7207367
1925612609;41.29515;-7.75255;-0.1353075;0.7207364
1925612612;41.29873;-7.7551;-0.135352;0.7207987
1925612617;41.29491;-7.753896;-0.135331;0.7207321
1925612619;41.29519;-7.752405;-0.135305;0.7207369
1925612620;41.29495;-7.753338;-0.1353213;0.7207328
1925612623;41.29497;-7.754194;-0.1353362;0.7207332
1925612625;41.29492;-7.754041;-0.1353335;0.7207323
1925612627;41.29961;-7.754336;-0.1353387;0.7208142
1925612629;41.29512;-7.752754;-0.1353111;0.7207357
1925612631;41.29499;-7.753097;-0.1353171;0.7207335
1925612633;41.29507;-7.752878;-0.1353133;0.720735
1925618391;41.29765;-7.751196;-0.1352839;0.7207799
1926234079;41.29393;-7.752192;-0.1353013;0.7207151
1926234081;41.29422;-7.751091;-0.1352821;0.7207201
1926234083;41.29366;-7.752933;-0.1353142;0.7207103
1926234108;41.29418;-7.750725;-0.1352757;0.7207195
1926234119;41.29422;-7.75138;-0.1352871;0.7207201
1926234134;41.29389;-7.749932;-0.1352618;0.7207144
1926234176;41.29406;-7.750296;-0.1352682;0.7207173
1926234189;41.29411;-7.751809;-0.1352946;0.7207181
1926261251;41.29518;-7.751091;-0.1352821;0.7207369
1926261255;41.29537;-7.739273;-0.1350758;0.7207402
1926261268;41.29583;-7.749856;-0.1352605;0.7207482
1926261269;41.29976;-7.754808;-0.1353469;0.7208167
1926261276;41.29597;-7.749878;-0.1352609;0.7207506
1926261283;41.30083;-7.757071;-0.1353864;0.7208356
1926261292;41.30079;-7.757007;-0.1353853;0.7208348
1926261297;41.30073;-7.756782;-0.1353814;0.7208337
1926261305;41.30058;-7.755926;-0.1353665;0.720831
1926261313;41.30074;-7.75646;-0.1353758;0.7208339
1926261314;41.30011;-7.755336;-0.1353562;0.720823
1926261320;41.29531;-7.751219;-0.1352843;0.7207391
1926261335;41.29535;-7.749749;-0.1352586;0.7207398
1926261339;41.29535;-7.739337;-0.1350769;0.7207399
1926261341;41.29542;-7.750736;-0.1352759;0.7207411
1926261353;41.29568;-7.750645;-0.1352743;0.7207456
1926261355;41.295;-7.749449;-0.1352534;0.7207338
1926261357;41.30074;-7.756712;-0.1353802;0.7208339
1926261367;41.29683;-7.739607;-0.1350816;0.7207656
1926261370;41.29521;-7.749642;-0.1352568;0.7207374
1926261382;41.29549;-7.74984;-0.1352602;0.7207422
1926261385;41.29518;-7.750967;-0.1352799;0.7207369
1926261389;41.29602;-7.750307;-0.1352684;0.7207515
1926261391;41.29609;-7.750173;-0.135266;0.7207527
1926261397;41.29977;-7.754926;-0.135349;0.720817
1926261415;41.29605;-7.749905;-0.1352614;0.7207521
1926261418;41.29615;-7.750082;-0.1352644;0.7207537
1926261419;41.29615;-7.750023;-0.1352634;0.7207537
1926261420;41.2961;-7.749953;-0.1352622;0.720753
1926261431;41.30054;-7.75587;-0.1353655;0.7208304
1926261435;41.30033;-7.755698;-0.1353625;0.7208268
1926261445;41.29524;-7.751149;-0.1352831;0.7207379
1926261460;41.29522;-7.75086;-0.135278;0.7207375
1926261463;41.29529;-7.739401;-0.135078;0.7207388
1926261465;41.2953;-7.750795;-0.1352769;0.7207389
1926261475;41.30074;-7.756895;-0.1353834;0.7208338
1926261503;41.29469;-7.749127;-0.1352478;0.7207282
1926261507;41.30085;-7.757174;-0.1353882;0.7208359
1926261509;41.29975;-7.754632;-0.1353439;0.7208166
1926261510;41.29539;-7.739168;-0.135074;0.7207405
1926261528;41.30021;-7.755543;-0.1353597;0.7208245
1926261539;41.29595;-7.750406;-0.1352701;0.7207503
1926261543;41.29517;-7.751031;-0.135281;0.7207366
1926261545;41.29586;-7.750516;-0.135272;0.7207487
1926261559;41.30045;-7.755822;-0.1353646;0.7208289
1926261563;41.29533;-7.73938;-0.1350777;0.7207395
1926261573;41.30006;-7.755199;-0.1353538;0.720822
1928228294;41.30797;-7.737229;-0.1350401;0.7209601
1928228299;41.30791;-7.736697;-0.1350308;0.7209591
1928228300;41.30733;-7.737874;-0.1350514;0.720949
1928228302;41.30834;-7.736424;-0.1350261;0.7209665
1928228308;41.30773;-7.737049;-0.135037;0.7209559
1928228323;41.30751;-7.737484;-0.1350446;0.7209522
1928228327;41.30776;-7.737658;-0.1350476;0.7209564
1928228338;41.30815;-7.736875;-0.1350339;0.7209632
1928228341;41.30814;-7.73625;-0.135023;0.720963
1928228360;41.307;-7.738618;-0.1350644;0.7209432
1928228369;41.30741;-7.738488;-0.1350621;0.7209503
1928228372;41.30714;-7.738297;-0.1350588;0.7209457
1928228380;41.30756;-7.738044;-0.1350543;0.720953
1931279734;41.30616;-7.743023;-0.1351412;0.7209285
1931519925;41.30121;-7.738458;-0.1350616;0.7208421
1931519975;41.29973;-7.742249;-0.1351277;0.7208163
1931520004;41.30082;-7.739184;-0.1350742;0.7208353
1931520006;41.30124;-7.739112;-0.135073;0.7208426
1931520025;41.3008;-7.738482;-0.135062;0.720835
1931523768;41.30485;-7.740233;-0.1350926;0.7209057
1931523775;41.30464;-7.739813;-0.1350852;0.720902
1931530553;41.30436;-7.742212;-0.1351271;0.720897
1931530555;41.3064;-7.741509;-0.1351148;0.7209326
1931530566;41.3061;-7.739917;-0.135087;0.7209275
1931530567;41.30436;-7.742153;-0.1351261;0.7208971
1931530601;41.30559;-7.740285;-0.1350935;0.7209185
1931530604;41.30605;-7.74008;-0.1350899;0.7209266
1931530610;41.3055;-7.7402;-0.135092;0.7209169
1931530613;41.30441;-7.742132;-0.1351257;0.7208979
1931530616;41.30471;-7.74203;-0.1351239;0.7209031
1931535424;41.2994;-7.744948;-0.1351748;0.7208106
1931535431;41.29974;-7.744256;-0.1351628;0.7208164
1931535444;41.30005;-7.743701;-0.1351531;0.7208219
1931535445;41.29967;-7.741029;-0.1351064;0.7208153
1931537875;41.3021;-7.744049;-0.1351591;0.7208576
1931537898;41.30181;-7.744437;-0.1351659;0.7208526
1937051415;41.29318;-7.737546;-0.1350457;0.720702
1937076499;41.29603;-7.746121;-0.1351953;0.7207517
1937076500;41.29597;-7.746064;-0.1351943;0.7207507
1937076503;41.29724;-7.746094;-0.1351948;0.7207728
1937076504;41.29733;-7.745973;-0.1351927;0.7207744
1937076505;41.29565;-7.746464;-0.1352013;0.720745
1937076506;41.29596;-7.746058;-0.1351942;0.7207505
1937076508;41.29598;-7.746292;-0.1351983;0.7207509
1937076511;41.29613;-7.746397;-0.1352001;0.7207534
1937076512;41.29729;-7.746061;-0.1351943;0.7207738
1937076514;41.29602;-7.746247;-0.1351975;0.7207515
1937076516;41.29731;-7.746027;-0.1351937;0.7207741
1937076530;41.29604;-7.746202;-0.1351967;0.7207518
1937076542;41.29725;-7.745862;-0.1351908;0.7207729
1937076543;41.29732;-7.745916;-0.1351917;0.7207742
1937076545;41.2962;-7.747011;-0.1352108;0.7207547
1937076546;41.29618;-7.746261;-0.1351978;0.7207543
1937076547;41.29729;-7.745892;-0.1351913;0.7207736
1937076550;41.2962;-7.747115;-0.1352127;0.7207546
1937076551;41.29604;-7.746155;-0.1351959;0.7207519
1937076552;41.29615;-7.746324;-0.1351989;0.7207537
1937076554;41.29601;-7.746089;-0.1351947;0.7207513
1937092185;41.30095;-7.750417;-0.1352703;0.7208375
1937092188;41.29786;-7.747508;-0.1352195;0.7207836
1937092194;41.29969;-7.751617;-0.1352912;0.7208155
1937092206;41.30033;-7.752144;-0.1353004;0.7208267
1937092207;41.29761;-7.748041;-0.1352288;0.7207793
1937092234;41.30157;-7.751635;-0.1352915;0.7208484
1937092254;41.30123;-7.750983;-0.1352802;0.7208424
1937092258;41.30098;-7.752024;-0.1352983;0.7208381
1937092263;41.29938;-7.750992;-0.1352803;0.7208101
1937092278;41.30124;-7.751858;-0.1352954;0.7208426
1937092291;41.3007;-7.752134;-0.1353003;0.7208333
1937092293;41.30011;-7.752036;-0.1352986;0.720823
1940080294;41.29906;-7.74966;-0.1352571;0.7208045
1940080340;41.30278;-7.750809;-0.1352771;0.7208695
1941547077;41.30829;-7.746729;-0.1352059;0.7209657
1941547078;41.30828;-7.749631;-0.1352566;0.7209654
1941547079;41.3084;-7.749663;-0.1352571;0.7209675
1941547080;41.31039;-7.74804;-0.1352288;0.7210023
1941547081;41.30782;-7.748044;-0.1352289;0.7209575
1941547082;41.30812;-7.747255;-0.1352151;0.7209628
1941547083;41.30911;-7.74939;-0.1352524;0.7209799
1941547084;41.30757;-7.748741;-0.135241;0.720953
1941547085;41.31029;-7.748419;-0.1352354;0.7210006
1941547086;41.31005;-7.747019;-0.135211;0.7209965
1941547087;41.30772;-7.748934;-0.1352444;0.7209557
1941547088;41.31033;-7.747936;-0.135227;0.7210013
1941547089;41.31012;-7.747101;-0.1352124;0.7209975
1941547090;41.31037;-7.748344;-0.1352341;0.721002
1941547091;41.31041;-7.748146;-0.1352306;0.7210026
1941547092;41.3104;-7.748291;-0.1352332;0.7210025
1941547093;41.30901;-7.746365;-0.1351996;0.7209783
1941547094;41.30985;-7.748822;-0.1352424;0.7209929
1941547095;41.30812;-7.749583;-0.1352557;0.7209627
1941547096;41.30957;-7.749036;-0.1352462;0.720988
1941547097;41.30932;-7.746345;-0.1351992;0.7209836
1941547098;41.30943;-7.74635;-0.1351993;0.7209856
1941547099;41.30929;-7.749202;-0.1352491;0.7209831
1941547100;41.30818;-7.749631;-0.1352566;0.7209638
1941547101;41.30825;-7.746826;-0.1352076;0.720965
1941547102;41.30837;-7.746611;-0.1352039;0.7209671
1941547103;41.30817;-7.746409;-0.1352003;0.7209635
1941547104;41.31026;-7.747727;-0.1352233;0.7210001
1941547105;41.30865;-7.749792;-0.1352594;0.7209719
1941547106;41.30892;-7.749631;-0.1352566;0.7209767
1941547107;41.30835;-7.746418;-0.1352005;0.7209667
1941547108;41.30852;-7.74976;-0.1352588;0.7209697
1941547109;41.30973;-7.746661;-0.1352047;0.7209908
1941547110;41.30825;-7.747067;-0.1352118;0.720965
1941547111;41.31041;-7.748205;-0.1352317;0.7210028
1941547112;41.30877;-7.749771;-0.135259;0.720974
1990201392;41.30527;-7.751436;-0.1352881;0.7209129
1990201396;41.30563;-7.751603;-0.135291;0.7209193
1990201397;41.30376;-7.751367;-0.1352869;0.7208866
1990201409;41.30692;-7.753221;-0.1353192;0.7209417
1990201411;41.30393;-7.751376;-0.135287;0.7208896
1990201412;41.30361;-7.75104;-0.1352812;0.720884
1990201414;41.30481;-7.751418;-0.1352878;0.720905
1990201435;41.30548;-7.751523;-0.1352896;0.7209166
1990201438;41.30717;-7.75377;-0.1353288;0.7209461
1990201439;41.30379;-7.751247;-0.1352848;0.7208871
1990201441;41.30591;-7.751863;-0.1352955;0.7209241
1990201442;41.30714;-7.75653;-0.135377;0.7209455
1990201444;41.30359;-7.751211;-0.1352842;0.7208836
1990201448;41.30368;-7.751378;-0.1352871;0.7208852
1990201449;41.30361;-7.750752;-0.1352762;0.720884
1990201450;41.30362;-7.750934;-0.1352793;0.7208841
1990201452;41.30351;-7.750997;-0.1352804;0.7208822
1990201478;41.30707;-7.753469;-0.1353236;0.7209444
1990201480;41.30738;-7.755886;-0.1353658;0.7209498
1990201482;41.30577;-7.751716;-0.135293;0.7209217
1990201494;41.30722;-7.754061;-0.1353339;0.720947
1990201516;41.30355;-7.750916;-0.135279;0.7208829
1990201519;41.30359;-7.751419;-0.1352878;0.7208837
1990201521;41.30364;-7.751156;-0.1352832;0.7208846
1990201522;41.3037;-7.751231;-0.1352845;0.7208855
1990201523;41.3065;-7.752632;-0.135309;0.7209343
2014619554;41.29817;-7.749842;-0.1352603;0.7207891
2014619556;41.29984;-7.74935;-0.1352517;0.7208182
2014619557;41.29811;-7.749875;-0.1352608;0.7207881
2014619559;41.29786;-7.749426;-0.135253;0.7207835
2063728738;41.30304;-7.751254;-0.1352849;0.720874
2063728741;41.30481;-7.751351;-0.1352866;0.7209049
2063728744;41.30304;-7.751394;-0.1352873;0.720874
2063728746;41.3051;-7.75141;-0.1352876;0.72091
2067212100;41.30453;-7.755274;-0.1353551;0.7209
2067212109;41.30454;-7.756634;-0.1353788;0.7209002
2149520415;41.30502;-7.744163;-0.1351611;0.7209086
2149520430;41.305;-7.744123;-0.1351604;0.7209082
2149520437;41.30508;-7.744192;-0.1351616;0.7209097
2149520443;41.30494;-7.74394;-0.1351572;0.7209073
2149520448;41.30484;-7.743658;-0.1351523;0.7209054
2149520452;41.30487;-7.743586;-0.1351511;0.7209059
2149520460;41.30488;-7.743532;-0.1351501;0.7209062
2149520463;41.3049;-7.743328;-0.1351466;0.7209064
2149520465;41.30489;-7.743481;-0.1351492;0.7209063
2149520467;41.3049;-7.743889;-0.1351564;0.7209064
2149520471;41.30489;-7.743377;-0.1351474;0.7209063
2149520473;41.30496;-7.743969;-0.1351578;0.7209076
2149520475;41.30499;-7.744074;-0.1351596;0.720908
2149520480;41.30489;-7.743427;-0.1351483;0.7209063
2149520481;41.30497;-7.74402;-0.1351587;0.7209077
2149520502;41.30505;-7.744186;-0.1351615;0.7209091
2149520505;41.30551;-7.743151;-0.1351435;0.7209171
2149520515;41.30495;-7.743264;-0.1351454;0.7209074
2149520518;41.30493;-7.743283;-0.1351458;0.720907
2149520529;41.30486;-7.743618;-0.1351516;0.7209057
2149520538;41.30492;-7.743903;-0.1351566;0.7209069
2303446123;41.29591;-7.748018;-0.1352284;0.7207497
2303446124;41.2962;-7.748199;-0.1352316;0.7207547
2303446125;41.29702;-7.748257;-0.1352326;0.720769
2353501519;41.29642;-7.746223;-0.1351971;0.7207584
2353501520;41.29612;-7.74627;-0.1351979;0.7207533
2353659658;41.29696;-7.750005;-0.1352631;0.7207679
2353659660;41.29662;-7.750247;-0.1352673;0.720762
2353659662;41.29601;-7.750823;-0.1352774;0.7207513
2414811545;41.29829;-7.750491;-0.1352716;0.7207911
2414839967;41.29728;-7.750294;-0.1352682;0.7207735
2414839968;41.29743;-7.750374;-0.1352696;0.7207761
2414839969;41.29757;-7.750407;-0.1352701;0.7207785
2414839970;41.29772;-7.750488;-0.1352715;0.7207811
2414839971;41.29772;-7.750479;-0.1352714;0.7207812
2414860656;41.29248;-7.747779;-0.1352243;0.7206898
2414860659;41.2925;-7.74783;-0.1352251;0.7206901
2414860662;41.29264;-7.747976;-0.1352277;0.7206925
2414860664;41.29279;-7.748064;-0.1352292;0.7206952
2414860666;41.29313;-7.748158;-0.1352309;0.720701
2414860668;41.29338;-7.748191;-0.1352315;0.7207055
2414860670;41.29366;-7.748238;-0.1352323;0.7207104
2414860685;41.29379;-7.748286;-0.1352331;0.7207126
2414860687;41.2938;-7.74816;-0.1352309;0.7207128
2414860689;41.29395;-7.748356;-0.1352343;0.7207153
2414860690;41.29405;-7.74811;-0.13523;0.7207172
2414860691;41.29424;-7.748537;-0.1352375;0.7207204
2414860692;41.29432;-7.748036;-0.1352287;0.7207218
2414860693;41.29438;-7.748724;-0.1352407;0.720723
2414860694;41.29449;-7.747979;-0.1352277;0.7207248
2415321700;41.29288;-7.747813;-0.1352248;0.7206968
2415321702;41.29331;-7.748182;-0.1352313;0.7207043
2415321703;41.29341;-7.747783;-0.1352243;0.720706
2415321704;41.29437;-7.747871;-0.1352259;0.7207227
2415321705;41.29459;-7.747889;-0.1352262;0.7207266
2415356858;41.29405;-7.746077;-0.1351945;0.7207171
2415356861;41.29433;-7.745813;-0.1351899;0.720722
2415356863;41.29454;-7.746634;-0.1352043;0.7207258
2415356865;41.29455;-7.746887;-0.1352087;0.7207259
2415356867;41.29458;-7.745803;-0.1351898;0.7207264
2415356884;41.29482;-7.7458;-0.1351897;0.7207305
2415356886;41.29488;-7.748306;-0.1352335;0.7207316
2415356888;41.29516;-7.747645;-0.1352219;0.7207365
2415356891;41.29522;-7.748693;-0.1352402;0.7207375
2415356893;41.29531;-7.745723;-0.1351884;0.7207391
2415356896;41.29539;-7.745692;-0.1351878;0.7207406
2415369649;41.29492;-7.745511;-0.1351847;0.7207323
2415369650;41.29498;-7.744993;-0.1351756;0.7207333
2415369651;41.29514;-7.74524;-0.1351799;0.7207361
2415369652;41.29522;-7.745165;-0.1351786;0.7207375
2417034379;41.29979;-7.752345;-0.1353039;0.7208173
2417209388;41.29544;-7.754239;-0.135337;0.7207415
2418438688;41.29762;-7.748943;-0.1352446;0.7207795
2418438689;41.29766;-7.749009;-0.1352457;0.7207801
2418438690;41.29802;-7.749594;-0.1352559;0.7207865
2418442852;41.29873;-7.750823;-0.1352774;0.7207987
2418442856;41.29886;-7.751031;-0.135281;0.7208011
2418442858;41.29896;-7.751169;-0.1352834;0.7208028
2419339587;41.29341;-7.755382;-0.1353569;0.7207059
2419339599;41.29404;-7.755366;-0.1353567;0.7207169
2419339602;41.29436;-7.75535;-0.1353564;0.7207226
2419339605;41.29436;-7.755431;-0.1353578;0.7207226
2419339609;41.29543;-7.755703;-0.1353626;0.7207413
2419339611;41.29593;-7.755718;-0.1353628;0.72075
2419339614;41.29637;-7.755864;-0.1353654;0.7207577
2419339616;41.29671;-7.755874;-0.1353655;0.7207636
2419339618;41.29739;-7.75569;-0.1353623;0.7207754
2419339620;41.2979;-7.755339;-0.1353562;0.7207843
2419339622;41.29886;-7.754438;-0.1353405;0.7208011
2419339625;41.2995;-7.753935;-0.1353317;0.7208123
2419339627;41.30033;-7.753541;-0.1353248;0.7208268
2419339629;41.301;-7.753157;-0.1353181;0.7208385
2419339631;41.30155;-7.752893;-0.1353135;0.720848
2419339633;41.30198;-7.752678;-0.1353098;0.7208556
2419339639;41.30392;-7.751555;-0.1352902;0.7208893
2419339641;41.3042;-7.751368;-0.1352869;0.7208943
2419339642;41.3044;-7.751253;-0.1352849;0.7208977
2419339644;41.30505;-7.751016;-0.1352808;0.7209091
2419339646;41.30676;-7.750943;-0.1352795;0.7209389
2419339647;41.30803;-7.750568;-0.1352729;0.7209612
2419339648;41.3087;-7.750186;-0.1352663;0.7209728
2419339649;41.30897;-7.749944;-0.135262;0.7209775
2419339653;41.30962;-7.749379;-0.1352522;0.7209889
2419339657;41.3106;-7.748419;-0.1352354;0.721006
2419339659;41.31131;-7.74754;-0.1352201;0.7210183
2419339661;41.31135;-7.747286;-0.1352157;0.721019
2419339663;41.31183;-7.746489;-0.1352017;0.7210274
2419339665;41.31192;-7.745949;-0.1351923;0.721029
2419339676;41.31202;-7.745567;-0.1351857;0.7210307
2419339678;41.31229;-7.744798;-0.1351722;0.7210355
2419339692;41.31262;-7.743275;-0.1351456;0.7210412
2419339694;41.31273;-7.742836;-0.135138;0.7210432
2419346318;41.29706;-7.755805;-0.1353643;0.7207696
2419356794;41.30877;-7.750004;-0.1352631;0.720974
2419356795;41.30905;-7.7498;-0.1352595;0.7209789
2420287233;41.29985;-7.751886;-0.1352959;0.7208184
2420287352;41.30158;-7.750696;-0.1352752;0.7208486
2420287356;41.30174;-7.750051;-0.1352639;0.7208514
2420287368;41.30199;-7.751341;-0.1352864;0.7208558
2420391825;41.30592;-7.745966;-0.1351926;0.7209243
2420393038;41.30554;-7.747149;-0.1352133;0.7209177
2420393039;41.30562;-7.747343;-0.1352166;0.7209191
2420393040;41.30595;-7.747548;-0.1352202;0.7209249
2420393041;41.30632;-7.747199;-0.1352141;0.7209313
2420790206;41.29735;-7.74029;-0.1350935;0.7207747
2420790207;41.29758;-7.741178;-0.135109;0.7207787
2420790208;41.2976;-7.740266;-0.1350931;0.7207792
2420790209;41.29767;-7.740276;-0.1350933;0.7207804
2420790210;41.29788;-7.740952;-0.1351051;0.7207839
2420790211;41.29811;-7.740356;-0.1350947;0.7207879
2420790212;41.29826;-7.740744;-0.1351015;0.7207907
2420790213;41.2985;-7.74044;-0.1350962;0.7207949
2420790214;41.29853;-7.740552;-0.1350981;0.7207953
2420798305;41.29514;-7.737736;-0.135049;0.7207362
2420798306;41.29552;-7.73801;-0.1350538;0.7207428
2421359541;41.29569;-7.744034;-0.1351589;0.7207457
2421385742;41.29637;-7.744397;-0.1351652;0.7207576
2421385744;41.29814;-7.742001;-0.1351234;0.7207885
2587694537;41.3033;-7.740518;-0.1350975;0.7208785
2587694538;41.30332;-7.740674;-0.1351002;0.720879
2587694539;41.30331;-7.740732;-0.1351013;0.7208787
2587694540;41.30328;-7.740781;-0.1351021;0.7208782
2587694541;41.30321;-7.740829;-0.1351029;0.7208771
2587694542;41.30309;-7.740798;-0.1351024;0.7208749
2587694543;41.30305;-7.740754;-0.1351016;0.7208743
2587694544;41.30304;-7.740698;-0.1351007;0.720874
2587694545;41.30303;-7.740635;-0.1350996;0.7208738
2587694546;41.30305;-7.740538;-0.1350979;0.7208742
2587694547;41.30314;-7.740445;-0.1350963;0.7208758
2587694548;41.30319;-7.740441;-0.1350962;0.7208766
2587694549;41.30323;-7.740456;-0.1350964;0.7208774
2587704026;41.30059;-7.748789;-0.1352419;0.7208313
2587704081;41.2991;-7.742799;-0.1351373;0.7208053
2587704084;41.29895;-7.742556;-0.1351331;0.7208027
2587984948;41.29378;-7.755268;-0.135355;0.7207124
2587984950;41.29379;-7.755352;-0.1353564;0.7207126
2587985039;41.29592;-7.755802;-0.1353643;0.7207498
2643960416;41.29764;-7.74337;-0.1351473;0.7207798
2643960417;41.29746;-7.743199;-0.1351443;0.7207766
2643960419;41.29737;-7.743427;-0.1351483;0.720775
2704114643;41.30267;-7.741912;-0.1351219;0.7208676
2711798887;41.29553;-7.739733;-0.1350838;0.720743
2711798888;41.29576;-7.739724;-0.1350837;0.720747
2711798889;41.29762;-7.7411;-0.1351077;0.7207795
2711798923;41.29802;-7.741442;-0.1351137;0.7207865
2711799970;41.29712;-7.743716;-0.1351533;0.7207707
2711799974;41.29732;-7.743497;-0.1351495;0.7207742
2711801926;41.30098;-7.741071;-0.1351072;0.7208381
2938005325;41.29532;-7.744505;-0.1351671;0.7207393
2938005326;41.29533;-7.744599;-0.1351687;0.7207395
2938005327;41.29534;-7.744686;-0.1351703;0.7207397
2938005328;41.29535;-7.744428;-0.1351658;0.7207397
2938005329;41.29539;-7.74473;-0.135171;0.7207406
2938005330;41.29544;-7.74474;-0.1351712;0.7207415
2938005331;41.29552;-7.744709;-0.1351707;0.7207428
2938005333;41.29571;-7.744053;-0.1351592;0.7207462
2938005334;41.29589;-7.74411;-0.1351602;0.7207493
2938005335;41.29613;-7.744003;-0.1351583;0.7207534
2938005336;41.29628;-7.743962;-0.1351576;0.720756
2938005337;41.29628;-7.743923;-0.135157;0.7207561
2938005338;41.29677;-7.743861;-0.1351559;0.7207646
2938005339;41.29681;-7.743893;-0.1351564;0.7207654
2938005340;41.29697;-7.743856;-0.1351558;0.7207681
2938005341;41.29707;-7.743802;-0.1351548;0.7207698
2938005342;41.29716;-7.743717;-0.1351534;0.7207714
2938005343;41.29727;-7.743605;-0.1351514;0.7207733
2938005344;41.29734;-7.743505;-0.1351496;0.7207747
2938005345;41.29741;-7.743396;-0.1351478;0.7207758
2938005346;41.29749;-7.743222;-0.1351447;0.7207771
2938005347;41.29783;-7.742017;-0.1351237;0.7207831
2938005348;41.2979;-7.741937;-0.1351223;0.7207843
2938005349;41.29794;-7.741726;-0.1351186;0.720785
2938005350;41.29796;-7.741756;-0.1351191;0.7207854
2938005351;41.29802;-7.741657;-0.1351174;0.7207865
2938005352;41.29807;-7.741705;-0.1351182;0.7207872
2938005353;41.29812;-7.74153;-0.1351152;0.7207882
2938005354;41.2981;-7.741487;-0.1351144;0.7207879
2938005355;41.29822;-7.741371;-0.1351124;0.7207898
2938005356;41.29824;-7.741411;-0.1351131;0.7207903
2938005357;41.29836;-7.741347;-0.135112;0.7207924
2938005358;41.29967;-7.741076;-0.1351072;0.7208152
2938005359;41.30061;-7.740799;-0.1351024;0.7208316
2938005360;41.30074;-7.740819;-0.1351028;0.720834
2938005361;41.3009;-7.740888;-0.135104;0.7208367
3090001017;41.30742;-7.750803;-0.135277;0.7209504
3090001018;41.30739;-7.750697;-0.1352752;0.72095
3115602126;41.29977;-7.752417;-0.1353052;0.720817
3115602127;41.2998;-7.752532;-0.1353072;0.7208176
3115602128;41.30006;-7.752502;-0.1353067;0.7208221
3115602346;41.29438;-7.738478;-0.1350619;0.720723
3115602347;41.29469;-7.737618;-0.1350469;0.7207282
3115602348;41.29473;-7.737566;-0.135046;0.7207291
3115614729;41.30009;-7.75266;-0.1353094;0.7208225
3115614730;41.30017;-7.752638;-0.1353091;0.7208239
3115616555;41.30701;-7.73997;-0.135088;0.7209433
3115616556;41.30709;-7.739708;-0.1350834;0.7209448
3115616557;41.30721;-7.73949;-0.1350796;0.7209467
3115616558;41.30731;-7.739318;-0.1350766;0.7209485
3115616559;41.30736;-7.73917;-0.135074;0.7209495
3131018190;41.29769;-7.749123;-0.1352477;0.7207806
3131018191;41.2977;-7.749278;-0.1352504;0.7207809
3131018192;41.29768;-7.749302;-0.1352508;0.7207806
3131018193;41.29756;-7.749238;-0.1352497;0.7207783
3131018194;41.29762;-7.749104;-0.1352474;0.7207794
3131018195;41.29765;-7.749101;-0.1352473;0.7207799
3131052378;41.29879;-7.751422;-0.1352878;0.7207999
3131052379;41.29882;-7.751518;-0.1352895;0.7208004
3131052380;41.29887;-7.751591;-0.1352908;0.7208014
3131052381;41.29913;-7.75134;-0.1352864;0.7208059
3131052382;41.29902;-7.751614;-0.1352912;0.7208039
3131052383;41.29894;-7.751624;-0.1352914;0.7208025
3131052384;41.29891;-7.751181;-0.1352836;0.7208019
3131052385;41.299;-7.751173;-0.1352835;0.7208035
3156139453;41.30411;-7.743927;-0.135157;0.7208927
3156139454;41.30433;-7.743878;-0.1351562;0.7208965
3313027370;41.29535;-7.744497;-0.135167;0.7207397
3313027371;41.2956;-7.744607;-0.1351689;0.7207442
3313042673;41.29577;-7.744;-0.1351583;0.7207472
3313042674;41.29584;-7.74405;-0.1351592;0.7207483
3405863136;41.29996;-7.752611;-0.1353086;0.7208202
3405863138;41.30018;-7.752614;-0.1353086;0.7208241
3405863143;41.30169;-7.750369;-0.1352695;0.7208505
3405863144;41.30183;-7.751112;-0.1352824;0.7208529
3834640057;41.29546;-7.7395;-0.1350798;0.7207417
3869868297;41.29578;-7.744035;-0.1351589;0.7207474
3980308701;41.30725;-7.75447;-0.135341;0.7209476
3980308702;41.30772;-7.754559;-0.1353426;0.7209557
3980308703;41.30811;-7.754607;-0.1353434;0.7209625
3980308704;41.30833;-7.754518;-0.1353419;0.7209664
3980308705;41.30852;-7.754305;-0.1353382;0.7209697
3980308706;41.30878;-7.754278;-0.1353377;0.7209741
3980308707;41.30914;-7.754298;-0.135338;0.7209804
3980308708;41.30943;-7.754401;-0.1353398;0.7209855
3980308709;41.30976;-7.754589;-0.1353431;0.7209914
3980308710;41.30998;-7.754836;-0.1353474;0.7209951
3980308711;41.31034;-7.754936;-0.1353492;0.7210015
3980308712;41.31068;-7.75484;-0.1353475;0.7210074
3980308713;41.31104;-7.754689;-0.1353449;0.7210136
3980308714;41.31141;-7.754353;-0.135339;0.7210202
3980308715;41.31183;-7.753866;-0.1353305;0.7210274
3980308716;41.31212;-7.753598;-0.1353258;0.7210325
3980308717;41.31334;-7.752707;-0.1353103;0.7210538
3980308718;41.3138;-7.7527;-0.1353101;0.7210619
3980308719;41.3143;-7.752741;-0.1353109;0.7210705
3980308720;41.31454;-7.752851;-0.1353128;0.7210748
3980308721;41.31503;-7.75318;-0.1353185;0.7210832
3980308722;41.31551;-7.753571;-0.1353253;0.7210917
3980308723;41.31581;-7.75379;-0.1353292;0.7210969
3980308724;41.31647;-7.753947;-0.1353319;0.7211085
4890627980;41.29846;-7.738826;-0.135068;0.7207941
4890627982;41.29918;-7.740149;-0.1350911;0.7208067
4890627983;41.29889;-7.740403;-0.1350955;0.7208015
4890627984;41.29955;-7.741055;-0.1351069;0.7208132
4890627985;41.29957;-7.740925;-0.1351046;0.7208135
4890627986;41.30009;-7.74001;-0.1350887;0.7208226
4890627987;41.29967;-7.740823;-0.1351029;0.7208152
4890627988;41.29996;-7.740087;-0.13509;0.7208204
4890627989;41.30002;-7.739977;-0.1350881;0.7208213
4890627990;41.29985;-7.740218;-0.1350923;0.7208184
4890627991;41.3001;-7.740674;-0.1351002;0.7208228
4890627992;41.30009;-7.739861;-0.135086;0.7208226
4890627993;41.29974;-7.740382;-0.1350951;0.7208164
4890627994;41.30025;-7.740609;-0.1350991;0.7208254
4890627995;41.29958;-7.740471;-0.1350967;0.7208136
4890627996;41.29945;-7.740367;-0.1350949;0.7208114
4890627997;41.29927;-7.740013;-0.1350887;0.7208083
4890627998;41.3003;-7.740469;-0.1350967;0.7208261
4890627999;41.29911;-7.73964;-0.1350822;0.7208054
4890628000;41.29865;-7.739384;-0.1350777;0.7207975
4890628001;41.29856;-7.739229;-0.135075;0.7207959
4890628002;41.30015;-7.74021;-0.1350921;0.7208236
4890628005;41.30025;-7.740346;-0.1350945;0.7208254
4890628008;41.29849;-7.739062;-0.1350721;0.7207946
4890633864;41.29956;-7.741099;-0.1351077;0.7208133
4890633865;41.29806;-7.741611;-0.1351166;0.7207871
5075219778;41.30024;-7.739236;-0.1350752;0.7208253
5075219779;41.30033;-7.738669;-0.1350653;0.7208267
5075219780;41.30019;-7.738423;-0.135061;0.7208242
5075219781;41.30009;-7.738312;-0.135059;0.7208226
5318899681;41.30626;-7.743912;-0.1351568;0.7209303
