37601497;1708863936;1708863895;
37601497;1708863895;1470044233;
37601497;1470044233;1708863850;
37601497;1708863850;2353659658;
37601497;2353659658;440759686;
37601497;440759686;2353659660;
37601497;2353659660;1470044225;
37601497;1470044225;2353659662;
37601497;2353659662;440759693;
37601497;440759693;1708863803;
37601497;1708863803;440759703;
37601497;440759703;1926261320;
37601497;1926261320;1708863724;
37601497;1708863724;1470044218;
37601497;1470044218;440759704;
37601497;440759704;1470044219;
37601497;1470044219;440759705;
37601497;440759705;1925612623;
37601497;1925612623;1925581175;
37601497;1925581175;440759706;
37601497;440759706;1708863609;
37601497;1708863609;1470044215;
37601497;1470044215;440759707;
37601543;440760139;440760135;
37601543;440760135;440760136;
37601543;440760136;1708864077;
37601543;1708864077;1708864073;
37601543;1708864073;440760137;
37601543;440760137;1925581212;
37601543;1925581212;440760138;
37601543;440760138;440759506;
37601544;440760134;440760139;
75952387;896621588;896603239;
75952387;896603239;896603270;
75952387;896603270;1031547136;
75952387;1031547136;896603287;
75952387;896603287;896603217;
75952387;896603217;896603225;
75952387;896603225;896603255;
75952387;896603255;896603209;
75952387;896603209;896603226;
75952388;896603289;2587694547;
75952388;2587694547;2587694548;
75952388;2587694548;2587694549;
75952388;2587694549;896603300;
75952388;896603300;2587694537;
75952388;2587694537;896603257;
75952388;896603257;896603271;
75952388;896603271;2587694538;
75952388;2587694538;2587694539;
75952388;2587694539;2587694540;
75952388;2587694540;896603219;
75952388;896603219;2587694541;
75952388;2587694541;896603265;
75952388;896603265;896603281;
75952388;896603281;2587694542;
75952388;2587694542;2587694543;
75952388;2587694543;2587694544;
75952388;2587694544;2587694545;
75952388;2587694545;896603226;
75952388;896603226;2587694546;
75952388;2587694546;896603240;
75952388;896603240;896603289;
75952390;896603257;1708864241;
75952390;1708864241;896603259;
75952390;896603259;896603252;
75952390;896603252;1931523768;
75952390;1931523768;1708864297;
75952390;1708864297;896603241;
75952390;896603241;1708864322;
75952390;1708864322;1708864338;
75952390;1708864338;896603283;
75952390;896603283;896603213;
75952390;896603213;896603302;
75952390;896603302;896603235;
75952390;896603235;896603227;
75952390;896603227;896603237;
75952390;896603237;896588659;
75952390;896588659;896588686;
75952391;896603265;896603214;
75952391;896603214;896603206;
75952391;896603206;896603275;
75952391;896603275;896603222;
75952391;896603222;896603292;
75952391;896603292;896621595;
75952391;896621595;896621590;
75952391;896621590;896621585;
75952392;896588651;896603269;
75952392;896603269;1708865097;
75952392;1708865097;896603262;
75952392;896603262;896603268;
75952392;896603268;896603260;
75952392;896603260;896603230;
75952392;896603230;896603280;
75952392;896603280;896603246;
75952392;896603246;896603238;
75952392;896603238;896603210;
75952392;896603210;1708864636;
75952392;1708864636;896603216;
75952392;896603216;896603285;
75952392;896603285;1708864506;
75952392;1708864506;896603278;
75952392;896603278;896603245;
75952392;896603245;1708864486;
75952392;1708864486;1708864455;
75952393;896588728;896603288;
75952393;896603288;896603247;
75952393;896603247;1708864670;
75952393;1708864670;896603263;
75952393;896603263;1928228341;
75952393;1928228341;1928228299;
75952393;1928228299;1928228308;
75952393;1928228308;1928228323;
75952393;1928228323;1708864511;
75952393;1708864511;1928228300;
75952393;1928228300;1928228372;
75952393;1928228372;1928228360;
75952393;1928228360;1104328734;
75952393;1104328734;1708864401;
75952393;1708864401;896603290;
75952393;896603290;1931530566;
75952393;1931530566;896603282;
75952393;896603282;1708864342;
75952393;1708864342;1931530610;
75952393;1931530610;1708864323;
75952393;1708864323;1708864300;
75952393;1708864300;1708864270;
75952393;1708864270;1708864242;
75952393;1708864242;896603219;
75953478;896603263;896610153;
75953478;896610153;896610140;
75953478;896610140;896603295;
75953479;896610136;896610149;
75953479;896610149;896610147;
75953479;896610147;896610141;
75953480;896603208;896610145;
75953480;896610145;896610144;
75953480;896610144;896610147;
75953480;896610147;896610139;
75953480;896610139;896610153;
75953481;896610135;1708864772;
75953481;1708864772;896610149;
75953481;896610149;896610140;
75953482;896610139;896610141;
75953482;896610141;896610146;
75953482;896610146;896610142;
75953483;896610137;896610148;
75953483;896610148;896610138;
75953483;896610138;896610152;
75953483;896610152;896610150;
75953483;896610150;1708864615;
75953484;896603215;1708864747;
75953484;1708864747;896610135;
75953484;896610135;896610144;
75953484;896610144;896610137;
75953484;896610137;1708864615;
75953484;1708864615;896610146;
75954944;896621580;1103719042;
75954944;1103719042;896621588;
75954944;896621588;896621577;
75954944;896621577;896621584;
75954944;896621584;896621610;
75954944;896621610;896621617;
75954944;896621617;896621585;
75954944;896621585;896621592;
75954944;896621592;896621618;
75954944;896621618;896621578;
75954944;896621578;896621614;
75954944;896621614;896621622;
75954944;896621622;896621600;
75954944;896621600;896621606;
75954944;896621606;896621623;
75954944;896621623;896621581;
75954944;896621581;1103719040;
75954944;1103719040;896621580;
75954950;896621614;2938005361;
75954950;2938005361;896621625;
75954950;896621625;2938005360;
75954950;2938005360;896621597;
75954950;896621597;2938005358;
75954950;2938005358;4890633864;
75954950;4890633864;2938005357;
75954950;2938005357;2938005356;
75954950;2938005356;2938005353;
75954950;2938005353;4890633865;
75954950;4890633865;2938005351;
75954951;899126440;2938005354;
75954951;2938005354;2938005355;
75954951;2938005355;896621579;
75954951;896621579;4890627984;
75954951;4890627984;1931535445;
75954951;1931535445;2938005359;
75954951;2938005359;896621609;
75954951;896621609;896621581;
75954956;896621603;1904414162;
75954956;1904414162;2415356896;
75954956;2415356896;1904414222;
75954956;1904414222;1911303099;
75954956;1911303099;896621619;
75954959;2938005328;896621611;
75954959;896621611;896621615;
75954959;896621615;896621582;
75954959;896621582;2421359541;
75956935;1708863946;896627808;
75956935;896627808;896633570;
75956935;896633570;896633552;
75956935;896633552;896633583;
75956935;896633583;1937092188;
75956935;1937092188;896633562;
75956935;896633562;896633585;
75956935;896633585;1904435547;
75956935;1904435547;896633549;
75956935;896633549;896633582;
75956935;896633582;1940080294;
75956935;1940080294;1904414135;
75956935;1904414135;440759491;
75956937;896633551;896627809;
75956937;896627809;1937076506;
75956937;1937076506;1904414165;
75956937;1904414165;1937076542;
75956937;1937076542;896627796;
75956937;896627796;1708863866;
75956938;1708863914;896627794;
75956938;896627794;1937076503;
75956938;1937076503;2353501519;
75956938;2353501519;1937076546;
75956938;1937076546;2353501520;
75956938;2353501520;1937076508;
75956938;1937076508;896627798;
75956938;896627798;1708863767;
75958092;1708863763;896633574;
75958092;896633574;896633577;
75958092;896633577;1708863767;
75958092;1708863767;896633567;
75958092;896633567;896633554;
75958092;896633554;896633563;
75958092;896633563;1708863748;
75958092;1708863748;896633589;
75958092;896633589;896633566;
75958092;896633566;896633569;
75958092;896633569;896633591;
75958092;896633591;896633556;
75958092;896633556;896621603;
75958092;896621603;896633572;
75958092;896633572;896633551;
75958092;896633551;1708863763;
76016876;1708863901;1470044234;
76016876;1470044234;2303446125;
76016876;2303446125;544505245;
76016876;544505245;2303446124;
76016876;2303446124;899126591;
76016876;899126591;2303446123;
76016876;2303446123;1925532276;
76016876;1925532276;899126469;
76016876;899126469;1925532278;
76016876;1925532278;440759551;
76016876;440759551;544505264;
76017123;440759473;1029900577;
76017123;1029900577;897051529;
76017123;897051529;897051528;
76017124;897051527;1931537898;
76017124;1931537898;1025427740;
76017124;1025427740;897051541;
76017124;897051541;440759465;
76207643;544505264;1708863757;
76207652;899126442;899126673;
76207652;899126673;899126486;
76207656;899126673;1634677182;
76207656;1634677182;899126652;
76207656;899126652;899126726;
76207656;899126726;899126491;
76211285;899147537;544505259;
76211285;544505259;440759506;
76211285;440759506;2014619557;
76211285;2014619557;2014619559;
76211285;2014619559;1708864037;
76211285;1708864037;1708864009;
76211288;899147206;440759467;
76211290;899147326;899147507;
76211290;899147507;899147651;
76211290;899147651;899147436;
76211290;899147436;899147578;
76211290;899147578;899147151;
76211290;899147151;899147298;
76211290;899147298;899147586;
76211290;899147586;899147729;
76211290;899147729;1106842679;
76211296;899147380;899147515;
76211296;899147515;899148015;
76211296;899148015;899147248;
76211296;899147248;899147938;
76211296;899147938;899147158;
76211296;899147158;899147662;
76211296;899147662;899147795;
76211296;899147795;1106842680;
76211302;90364760;1573405451;
76211302;1573405451;899147341;
76211302;899147341;1573405452;
76211302;1573405452;899147478;
76211302;899147478;1573405450;
76211302;1573405450;899147765;
76211302;899147765;899147903;
76211302;899147903;899147487;
76211302;899147487;1990201516;
76211302;1990201516;1990201452;
76211302;1990201452;1904393514;
76211304;899147362;2063728738;
76211304;2063728738;1904393682;
76211307;899147222;2063728744;
76211307;2063728744;899147362;
76211308;899147625;1904393546;
76211308;1904393546;899147718;
76211308;899147718;1904393596;
76211308;1904393596;899147222;
76211310;1708864108;899147388;
76211310;899147388;899148023;
87977657;1708864235;1022694936;
87977657;1022694936;896603300;
88111179;1023823126;5318899681;
88111179;5318899681;2149520437;
88111179;2149520437;2149520502;
88111179;2149520502;2149520415;
88111179;2149520415;2149520430;
88111179;2149520430;2149520475;
88111179;2149520475;2149520481;
88111179;2149520481;2149520473;
88111179;2149520473;2149520443;
88111179;2149520443;2149520538;
88111179;2149520538;2149520467;
88111179;2149520467;1023823107;
88111180;1023823037;1023823026;
88111180;1023823026;1023823103;
88111180;1023823103;2149520448;
88111180;2149520448;1102174628;
88111180;1102174628;1023823076;
88111180;1023823076;1023823064;
88111180;1023823064;1023823133;
88111180;1023823133;1023823105;
88111180;1023823105;1023823090;
88111180;1023823090;1023823070;
88111180;1023823070;1023823027;
88111180;1023823027;1023823130;
88111180;1023823130;1023823120;
88111180;1023823120;1023823107;
88111180;1023823107;1023823100;
88111180;1023823100;1023823098;
88111180;1023823098;1023823074;
88111180;1023823074;1023823037;
88111184;2149520448;2149520529;
88111184;2149520529;2149520452;
88111184;2149520452;2149520460;
88111184;2149520460;2149520465;
88111184;2149520465;2149520480;
88111184;2149520480;2149520471;
88111184;2149520471;2149520463;
88111184;2149520463;2149520518;
88111184;2149520518;2149520515;
88111184;2149520515;2149520505;
88111184;2149520505;1719272269;
88111184;1719272269;1931279734;
88111184;1931279734;1719272301;
88111184;1719272301;1023823031;
88111185;897051527;1025422694;
88111185;1025422694;1029932226;
88111185;1029932226;3156139453;
88111185;3156139453;1102174631;
88111185;1102174631;3156139454;
88111185;3156139454;1023823037;
88276162;1025422694;1025422695;
88276512;1025427719;1025427724;
88276512;1025427724;1025427728;
88276512;1025427728;1025427732;
88276512;1025427732;1025427737;
88276512;1025427737;1025427740;
88276514;1025422695;1025427749;
88276514;1025427749;1025427751;
88276514;1025427751;1025427753;
88276514;1025427753;1025427755;
88276514;1025427755;1025427759;
88276514;1025427759;1025427719;
88373334;3115602348;3115602347;
88373334;3115602347;3115602346;
88373334;3115602346;1026493475;
88373334;1026493475;1026493486;
88373334;1026493486;1030781420;
88373334;1030781420;1030781275;
88373337;1026493502;1026493503;
88373337;1026493503;1026493504;
88373337;1026493504;1026493506;
88373337;1026493506;1937051415;
88373337;1937051415;1026493508;
88373337;1026493508;1026493509;
88373337;1026493509;1026493510;
88373337;1026493510;1026493512;
88416989;1025427740;1027069834;
88416989;1027069834;1027069839;
88509079;897051541;1028001930;
88509080;1708864022;896627804;
88509080;896627804;1904414199;
88509080;1904414199;1028001928;
88509080;1028001928;1029957791;
88509080;1029957791;1029957941;
88509080;1029957941;1029900542;
88509082;1028001941;1025427719;
88510995;1028014471;1906214441;
88510995;1906214441;1028024696;
88510995;1028024696;1028024698;
88510995;1028024698;1028024700;
88510995;1028024700;1028024686;
88510995;1028024686;1028024685;
88510995;1028024685;1028024678;
88510995;1028024678;1028024724;
88510995;1028024724;1028024691;
88510995;1028024691;1028024711;
88510995;1028024711;1028024719;
88510995;1028024719;1028024697;
88510995;1028024697;1028024674;
88510995;1028024674;1028024671;
88510995;1028024671;1028024676;
88510995;1028024676;1028024709;
88720044;1029876879;1029876882;
88720044;1029876882;896627806;
88720044;896627806;1708864030;
88722570;1029900467;1904414247;
88722570;1904414247;1713159549;
88722570;1713159549;1904414179;
88722570;1904414179;1029900483;
88722570;1029900483;1029958153;
88722570;1029958153;440759473;
88722575;1029900550;1029900571;
88722575;1029900571;1029900481;
88722575;1029900481;1029900477;
88722575;1029900477;1029900563;
88722575;1029900563;1029900559;
88722575;1029900559;1029900543;
88722575;1029900543;1029900571;
88722578;1029900467;1937092185;
88722578;1937092185;1470044239;
88722578;1470044239;1937092254;
88722578;1937092254;1937092234;
88722578;1937092234;1029900511;
88722579;1029900542;1029900508;
88722585;1029900577;1029900509;
88722586;440759473;1904414201;
88722586;1904414201;1029900508;
88722587;1029900577;1029900525;
88722587;1029900525;1029900510;
88722592;1029900467;1904393680;
88722592;1904393680;1904393669;
88722592;1904393669;1713159508;
88722592;1713159508;1029900556;
88722592;1029900556;1029900539;
88722592;1029900539;1029900575;
88722592;1029900575;1029900473;
88722592;1029900473;1713159588;
88722592;1713159588;1713159434;
88722592;1713159434;1713159479;
88722592;1713159479;1029900534;
88722592;1029900534;1029900537;
88722592;1029900537;1713159327;
88722592;1713159327;1029900548;
88722592;1029900548;1029900531;
88722592;1029900531;1713159398;
88722592;1713159398;1911295607;
88722593;440759465;440759467;
88722598;1029900467;440759491;
88722598;440759491;1937092263;
88722598;1937092263;899148023;
88722599;1029900464;1029900476;
88723853;1029914200;1029914178;
88723853;1029914178;1029914198;
88723853;1029914198;1029914245;
88723853;1029914245;1029914141;
88723854;1029914325;1029914163;
88723854;1029914163;1102174631;
88723854;1102174631;1029914200;
88723855;896603253;1029914270;
88723855;1029914270;1029914246;
88723855;1029914246;1029914222;
88723856;1029914281;1029914296;
88723856;1029914296;1029914356;
88723856;1029914356;1029914144;
88723856;1029914144;1029914163;
88723863;1029914204;1906217073;
88723863;1906217073;1713159368;
88723863;1713159368;1029914228;
88723863;1029914228;1029914334;
88723863;1029914334;1029914281;
88723864;1029914325;1029914267;
88723864;1029914267;1103703905;
88723864;1103703905;1911295666;
88723865;1029914141;1931530553;
88723865;1931530553;1911291835;
88723865;1911291835;1029914269;
88723865;1029914269;1029958132;
88723865;1029958132;896603253;
88723868;1029914281;1029914142;
88723868;1029914142;1029914311;
88723868;1029914311;1029914247;
88723868;1029914247;1029914267;
88723870;896603253;1029914340;
88723870;1029914340;1029914148;
88723870;1029914148;1029914279;
88723870;1029914279;1029914272;
88723870;1029914272;896603261;
88723871;896603261;1029914358;
88723871;1029914358;1023823031;
88723871;1023823031;1023823126;
88723871;1023823126;1029914126;
88723871;1029914126;1029914249;
88723871;1029914249;1029914204;
88724747;1029932101;1027069839;
88724747;1027069839;1931537875;
88724747;1931537875;897051527;
88724749;1029932101;1029932178;
88724749;1029932178;1029932105;
88724749;1029932105;2704114643;
88724749;2704114643;1029932176;
88724749;1029932176;1029932086;
88724749;1029932086;1029932219;
88724749;1029932219;1029932160;
88724754;1029932160;1029914141;
88724756;1029932142;1029932128;
88724756;1029932128;1029932179;
88724756;1029932179;1029932169;
88724756;1029932169;1029932131;
88724756;1029932131;1029932162;
88724756;1029932162;1029932184;
88724756;1029932184;1708864465;
88724756;1708864465;1029932110;
88724756;1029932110;1029932078;
88724756;1029932078;1029914246;
88724762;1029932142;1029932137;
88724764;1029932226;1029932239;
88724765;1028001930;1931535444;
88724765;1931535444;1029932177;
88724771;1029932160;1029932154;
88724771;1029932154;1029932111;
88724771;1029932111;1029932107;
88724771;1029932107;1029932142;
88724772;1029914267;1029932189;
88724772;1029932189;1025422695;
88724774;440759465;1028001930;
88724781;1029932101;1029932108;
88724781;1029932108;1029932239;
88724781;1029932239;1029932194;
88724781;1029932194;1029932156;
88724783;1029932177;1029932115;
88724783;1029932115;1029932146;
88724783;1029932146;1029932211;
88724783;1029932211;1029932083;
88724783;1029932083;1029932212;
88724783;1029932212;1029932101;
88724786;1029932184;1708864489;
88724786;1708864489;896603293;
88724794;1029932154;1029932123;
88724794;1029932123;1029932195;
88724794;1029932195;1029932111;
88727533;1911295633;1029900479;
88727533;1029900479;1028001941;
88727533;1028001941;1029957661;
88727533;1029957661;1029900476;
88727533;1029900476;1029900550;
88727533;1029900550;897051528;
88727533;897051528;1029958165;
88727533;1029958165;1029957834;
88727533;1029957834;1029900509;
88727533;1029900509;1029958153;
88727534;1029957943;1029957509;
88727535;1029914204;1719272306;
88727535;1719272306;1719272329;
88727535;1719272329;1029957994;
88727535;1029957994;1251374953;
88727535;1251374953;1029957950;
88727535;1029957950;1029957930;
88727535;1029957930;1029957827;
88727535;1029957827;1029957504;
88727535;1029957504;1029958105;
88727535;1029958105;1029957520;
88727535;1029957520;1029957545;
88727535;1029957545;1029958016;
88727535;1029958016;1029957980;
88727535;1029957980;1029957548;
88727535;1029957548;1029957794;
88727535;1029957794;1029957934;
88727539;896621578;2711801926;
88727539;2711801926;1029958203;
88727539;1029958203;1029957574;
88727540;1029957983;1028001928;
88727543;1029957520;1029957543;
88727543;1029957543;1029958029;
88727543;1029958029;1029957515;
88727543;1029957515;1029957518;
88727545;1029957780;1029957692;
88727546;1029957870;1719272288;
88727546;1719272288;1719272293;
88727546;1719272293;1029957500;
88727546;1029957500;1029957666;
88727546;1029957666;1029957635;
88727546;1029957635;1029957870;
88727547;1029914200;1029957906;
88727547;1029957906;1029957908;
88727547;1029957908;1029932156;
88727548;1029957574;1029957639;
88727548;1029957639;1931519975;
88727548;1931519975;1713159423;
88727548;1713159423;1029957581;
88727548;1029957581;1029932177;
88727549;1029958132;1029957870;
88727550;1029932156;1029914141;
88727551;1029957574;1029957509;
88727551;1029957509;1029957711;
88727551;1029957711;1029957671;
88727551;1029957671;2587704084;
88727551;2587704084;1029957780;
88727553;1029957518;1029957555;
88727553;1029957555;1029957524;
88727554;1029957780;1029957818;
88727554;1029957818;1029957814;
88727554;1029957814;1713159646;
88727554;1713159646;1029957983;
88727555;1029957524;1029958168;
88727555;1029958168;1029958074;
88727555;1029958074;1103703904;
88727555;1103703904;1029957518;
88727557;1029957983;1713159486;
88727557;1713159486;1029932177;
88727560;1029957692;1029958110;
88727560;1029958110;1029957553;
88727560;1029957553;1029957659;
88727560;1029957659;1029957620;
88727560;1029957620;1029957943;
88727560;1029957943;1029957616;
88727560;1029957616;1029958203;
88727561;1029957574;1029957616;
88825160;1030781318;1030781317;
88825162;2420790214;1030781340;
88825162;1030781340;1030781321;
88825162;1030781321;1030781468;
88825162;1030781468;1030781350;
88825162;1030781350;1030781264;
88825162;1030781264;1030781320;
88825162;1030781320;1030781362;
88825162;1030781362;1030781271;
88825164;1030781373;2711798923;
88825164;2711798923;1030781254;
88825164;1030781254;1030781460;
88825164;1030781460;1030781333;
88825164;1030781333;1030781250;
88825164;1030781250;1030781319;
88825164;1030781319;1030781421;
88825164;1030781421;2420790214;
88825166;1030781317;1104336652;
88825166;1104336652;1030781379;
88825166;1030781379;1926261367;
88825166;1926261367;1634677187;
88825166;1634677187;1030781367;
88825166;1030781367;1030781355;
88825166;1030781355;1030781287;
88825166;1030781287;1104336658;
88825166;1104336658;1030781410;
88874559;1031547159;1031548332;
88874559;1031548332;1031548206;
88874568;1031547071;1031548332;
88874568;1031548332;1031549638;
88874575;1031548709;1031546780;
88874575;1031546780;1031547593;
88874575;1031547593;1031547102;
88874575;1031547102;1031547535;
88874575;1031547535;1031546986;
88874616;1031546865;1031547248;
88874619;1031547234;1031549638;
88874619;1031549638;1031546888;
88874623;1031546925;1031548646;
88874625;1031549532;1031547358;
88874626;1031546965;1031547870;
88874626;1031547870;1031548653;
88874626;1031548653;1031548709;
88874631;1031546997;1031547071;
88874631;1031547071;1031547528;
88874631;1031547528;1031548327;
88874645;1031547234;1031548206;
88874648;1031546986;1031548646;
88874651;1031549224;1031547870;
88874652;1031549139;1031548586;
88874652;1031548586;1031547151;
88874652;1031547151;1031547650;
88874652;1031547650;1031547776;
88874652;1031547776;1031548483;
88874652;1031548483;1031548538;
88874652;1031548538;1031548327;
88874652;1031548327;1031547159;
88874652;1031547159;1031547658;
88874652;1031547658;1906214241;
88874661;1031548206;1104311288;
88874661;1104311288;1031546925;
88874661;1031546925;1031547358;
88874661;1031547358;1031546997;
88874662;1031547239;1103719038;
88874662;1103719038;896621588;
88874665;1031547136;1031548949;
88874665;1031548949;1031546919;
88874665;1031546919;1031547528;
88874668;1031546986;1931523775;
88874668;1931523775;1031546954;
88874668;1031546954;1031549047;
88874668;1031549047;1031546865;
88874668;1031546865;1708864246;
88874668;1708864246;1031547067;
95145516;1031547239;1031549139;
95145516;1031549139;1931520004;
95145516;1931520004;1031548851;
95145516;1031548851;1931520025;
95145516;1931520025;1906216058;
95145516;1906216058;1906215953;
95145516;1906215953;1906215996;
95145516;1906215996;1906215941;
95145517;896621581;1031547239;
95195189;899126750;2711798887;
95195189;2711798887;899126670;
95195189;899126670;1104338230;
95195189;1104338230;1104338238;
95195189;1104338238;1104338232;
95195189;1104338232;1104338237;
95195189;1104338237;2711798888;
95195189;2711798888;1104338234;
95195189;1104338234;1104338233;
95195189;1104338233;899126750;
95195191;899126670;1104338236;
95458871;1106842680;1106842677;
95458872;899147304;899147443;
95458872;899147443;899147236;
95458872;899147236;899147375;
95458872;899147375;899147864;
95458872;899147864;899148005;
95458872;899148005;899148011;
95458872;899148011;899147244;
95458872;899147244;1708864206;
95458872;1708864206;899147734;
95458872;899147734;899147868;
95458873;899147362;899147496;
95458873;899147496;899147787;
95458873;899147787;1029900511;
95458873;1029900511;899147922;
95458873;899147922;899147506;
95458873;899147506;899147648;
95458873;899147648;899147433;
95458873;899147433;899147575;
95458873;899147575;3115602128;
95458873;3115602128;899147149;
95458873;899147149;2417034379;
95458873;2417034379;899147356;
95458874;1106842676;90364760;
95458875;1106842681;1106842676;
95458876;1106842679;899147304;
95458877;1106842677;899147168;
95458877;899147168;899147314;
95458877;899147314;899147808;
95458877;899147808;899147949;
95458877;899147949;899147488;
95458877;899147488;899147977;
95458877;899147977;899147208;
95458877;899147208;899147537;
98900652;899126536;1144174048;
103076780;1190080188;2419339611;
103076780;2419339611;90364756;
103076780;90364756;1470044230;
103076780;1470044230;899126470;
103076780;899126470;899126513;
103076780;899126513;1573405448;
103076780;1573405448;90364757;
103076780;90364757;1573405449;
103076780;1573405449;90364759;
103076780;90364759;1106842681;
103076787;899126669;2587984948;
103076787;2587984948;1190079951;
103076787;1190079951;2419339602;
103076787;2419339602;1190080188;
103076792;899147660;1990201449;
103076792;1990201449;1190080358;
103076792;1190080358;1190080361;
103076792;1190080361;1190080223;
103076792;1190080223;1190080232;
103076792;1190080232;1190080083;
103076792;1190080083;1190080231;
103076792;1190080231;1190080135;
103076792;1190080135;1190080063;
103076792;1190080063;1190080243;
103076792;1190080243;1190080066;
103076792;1190080066;1190080102;
103076792;1190080102;1190080195;
103076800;1190080041;1190080247;
103076800;1190080247;1190080048;
103076800;1190080048;1190079992;
103076800;1190079992;1190080028;
103076800;1190080028;1190080267;
103076800;1190080267;1190080256;
103076800;1190080256;1190080252;
103076800;1190080252;1190080384;
103076800;1190080384;1190080360;
103076800;1190080360;1190080120;
103076800;1190080120;1190080073;
103076800;1190080073;1190080089;
103076800;1190080089;1190080071;
103076800;1190080071;1190080069;
103076800;1190080069;1190080317;
103076800;1190080317;1190080282;
103076800;1190080282;1190080295;
103076800;1190080295;1990201523;
109269470;1251374956;1251374965;
109269470;1251374965;1251374950;
109269470;1251374950;1029957994;
109269471;1029914358;1251374956;
109269471;1251374956;1904435520;
109269471;1904435520;1251374952;
133562585;1470044225;1470044227;
133562585;1470044227;1470044223;
133562585;1470044223;1470044222;
133562585;1470044222;1925581236;
133562585;1925581236;1470044220;
133562585;1470044220;1470044221;
133562585;1470044221;1470044224;
133562585;1470044224;1470044229;
133562585;1470044229;1470044231;
133562585;1470044231;1470044232;
133562586;1470044240;1470044244;
133562587;1470044253;1470044252;
133562587;1470044252;1470044249;
133562587;1470044249;3405863143;
133562587;3405863143;1470044245;
133562587;1470044245;1470044242;
133562587;1470044242;1470044240;
133562587;1470044240;1470044239;
150571100;899126726;1634677168;
150571100;1634677168;1634677156;
150571100;1634677156;1634677150;
150571100;1634677150;1634677174;
150571100;1634677174;1634677169;
150571100;1634677169;1634677183;
150571100;1634677183;1634677175;
150571100;1634677175;1634677151;
150571100;1634677151;1634677152;
150571100;1634677152;1634677186;
150571100;1634677186;1634677173;
150571100;1634677173;1634677148;
150571100;1634677148;1634677153;
150571100;1634677153;1634677181;
150571100;1634677181;1634677182;
150571103;899126486;1026493502;
150571103;1026493502;899126568;
150571103;899126568;1708863602;
150571103;1708863602;899126610;
150571103;899126610;3115602348;
150571103;3115602348;899126530;
150571103;899126530;899126463;
150571104;1634677172;1634677192;
150571104;1634677192;1634677190;
150571104;1634677190;1634677184;
150571104;1634677184;1634677188;
150571104;1634677188;1634677171;
150571104;1634677171;1634677164;
150571104;1634677164;1634677154;
150571104;1634677154;1634677189;
150571105;1030781410;1030781277;
150571105;1030781277;1104336656;
150571105;1104336656;1030781344;
150571105;1030781344;1030781280;
150571105;1030781280;1030781297;
150571105;1030781297;1030781352;
150571105;1030781352;1028024709;
150571105;1028024709;1028024693;
150571105;1028024693;1028024687;
150571105;1028024687;1028024710;
150571105;1028024710;1028020548;
158741184;896633567;896633584;
158741184;896633584;1708863771;
158741184;1708863771;544505264;
158741457;899126536;899126750;
158741459;899126463;1104338231;
158741459;1104338231;1104338235;
158741459;1104338235;1104338232;
158741468;1029914195;896603284;
158741468;896603284;896603293;
158741468;896603293;1708864504;
158741468;1708864504;896603223;
158741468;896603223;896603276;
158741468;896603276;1708864634;
158741468;1708864634;896603208;
158741468;896603208;896603215;
158741468;896603215;1708864829;
158741468;1708864829;896603243;
158741468;896603243;896603298;
158741468;896603298;896603228;
158741468;896603228;896610136;
158741468;896610136;896603295;
158741468;896603295;1708865035;
158741468;1708865035;896603224;
158741468;896603224;896603279;
158741468;896603279;896588606;
158741710;1708863967;1708864022;
158741710;1708864022;1708864030;
158741710;1708864030;1708863992;
158741710;1708863992;1708863946;
158741710;1708863946;1708863914;
158741710;1708863914;1708863903;
158741710;1708863903;1708863893;
158741710;1708863893;1708863866;
158741710;1708863866;1708863887;
158741710;1708863887;1708863898;
158741710;1708863898;1708863907;
158741710;1708863907;1708863942;
158741710;1708863942;1708863967;
158741719;1708864235;1708864237;
158741719;1708864237;1022694941;
158741719;1022694941;1031547248;
158741719;1031547248;1031549532;
158741719;1031549532;1031548646;
158741719;1031548646;1031546965;
158741719;1031546965;1022694947;
158741719;1022694947;1022694949;
158741719;1022694949;1022694951;
158741719;1022694951;1022694953;
158741719;1022694953;1022694955;
158741719;1022694955;1022694956;
158741719;1022694956;1022694958;
158741754;1029914222;1029914195;
158741754;1029914195;1708864439;
158741754;1708864439;1708864444;
158741754;1708864444;1708864447;
158741754;1708864447;1708864452;
158741754;1708864452;1708864459;
158741754;1708864459;1708864455;
158741754;1708864455;1708864449;
158741754;1708864449;1708864446;
158741754;1708864446;1708864442;
158741754;1708864442;1708864415;
158741754;1708864415;1708864413;
158741754;1708864413;1708864412;
158741754;1708864412;1708864405;
158741754;1708864405;1708864411;
158741754;1708864411;1029914222;
158741761;1708863987;1708864004;
158741761;1708864004;3131018194;
158741761;3131018194;3131018195;
158741761;3131018195;1708864007;
158741761;1708864007;3131018190;
158741761;3131018190;1708864010;
158741761;1708864010;1708864036;
158741761;1708864036;1708864033;
158741761;1708864033;1708864028;
158741761;1708864028;3131018191;
158741761;3131018191;3131018192;
158741761;3131018192;1708864009;
158741761;1708864009;1708864006;
158741761;1708864006;1708863999;
158741761;1708863999;1708863969;
158741761;1708863969;1708863954;
158741761;1708863954;3131018193;
158741761;3131018193;1708863950;
158741761;1708863950;1708863960;
158741761;1708863960;1708863987;
158741807;440760126;1708864238;
158741807;1708864238;440760127;
158741807;440760127;440760128;
158741807;440760128;1470044251;
158741807;1470044251;440760129;
158741807;440760129;1470044250;
158741807;1470044250;440760130;
158741807;440760130;1708864222;
158741807;1708864222;1470044247;
158741807;1470044247;440760131;
158741807;440760131;1470044238;
158741807;1470044238;1470044236;
158741807;1470044236;440760132;
158741807;440760132;1708864169;
158741807;1708864169;440760133;
158741807;440760133;1926261509;
158741807;1926261509;1925612627;
158741807;1925612627;440760134;
158741925;1719285850;1470044254;
158741925;1470044254;440760126;
158741987;1708864322;1708864324;
158741987;1708864324;1708864323;
158742013;1708864300;1708864299;
158742013;1708864299;1708864297;
158742046;899148023;899147671;
158742046;899147671;1708864135;
158742049;1708863936;1708863939;
158742049;1708863939;1708863950;
158742058;1708864009;1708863964;
158742058;1708863964;1708863936;
158742068;1708863950;1708863911;
158742068;1708863911;1708863901;
158742075;896603240;1708864233;
158742075;1708864233;1708864235;
158742149;1708863757;1708863752;
158742149;1708863752;1708863751;
158742149;1708863751;1708863748;
158742154;896603238;1708864638;
158742154;1708864638;1904435464;
158742154;1904435464;1708864604;
158742154;1708864604;896603285;
158742186;1708864455;1029914298;
158742186;1029914298;896603294;
158742186;896603294;896603261;
158742265;1708864135;1708864136;
158742265;1708864136;1708864143;
158742265;1708864143;1708864165;
158742265;1708864165;899147356;
158742279;899147356;1708864164;
158742279;1708864164;1708864141;
158742279;1708864141;1708864128;
158742279;1708864128;1708864106;
159218986;1713159500;1719272253;
159218986;1719272253;2420391825;
159218986;2420391825;1713159632;
159218988;1713159646;1713159454;
159218988;1713159454;1713159654;
159218988;1713159654;1713159553;
159218988;1713159553;1713159582;
159218988;1713159582;1713159423;
159218990;1713159481;1713159451;
159218990;1713159451;1713159379;
159218990;1713159379;1713159456;
159218990;1713159456;1713159338;
159218990;1713159338;1713159690;
159218990;1713159690;1713159556;
159218990;1713159556;1713159469;
159218990;1713159469;1713159472;
159218990;1713159472;1713159594;
159218990;1713159594;1713159457;
159218996;1713159381;1713159371;
159218996;1713159371;1713159426;
159218996;1713159426;1713159539;
159218996;1713159539;1713159588;
159218998;1713159590;1713159644;
159218998;1713159644;1713159341;
159218998;1713159341;1713159375;
159218998;1713159375;1713159377;
159218998;1713159377;1713159545;
159218998;1713159545;1713159398;
159218999;1713159479;1713159431;
159218999;1713159431;1713159686;
159218999;1713159686;1713159546;
159218999;1713159546;1713159399;
159218999;1713159399;1713159324;
159218999;1713159324;1713159344;
159218999;1713159344;1713159458;
159218999;1713159458;1713159457;
159218999;1713159457;1713159356;
159218999;1713159356;1713159508;
159219005;1713159351;1713159459;
159219005;1713159459;1713159693;
159219005;1713159693;1713159683;
159219005;1713159683;1713159541;
159219005;1713159541;1713159319;
159219005;1713159319;1029900548;
159219007;1713159368;1713159500;
159219007;1713159500;1713159336;
159219012;1713159541;1713159635;
159219012;1713159635;1713159327;
159219014;1713159329;1713159558;
159219014;1713159558;1713159510;
159219014;1713159510;1713159402;
159219014;1713159402;1713159336;
159219014;1713159336;1713159325;
159219014;1713159325;1911295664;
159219017;1713159502;2587704026;
159219017;2587704026;1713159473;
159219017;1713159473;1713159549;
159219021;2014619554;1713159496;
159219021;1713159496;1713159551;
159219021;1713159551;1713159370;
159219021;1713159370;1713159498;
159219021;1713159498;1904435489;
159219021;1904435489;1713159628;
159219021;1713159628;1713159598;
159219021;1713159598;1713159405;
159219021;1713159405;1937092207;
159219021;1937092207;1713159519;
159219021;1713159519;1713159315;
159219021;1713159315;1713159643;
159219021;1713159643;1937076550;
159219021;1937076550;1713159675;
159219021;1713159675;1713159349;
159219021;1713159349;440759551;
159219024;1713159434;1713159408;
159219024;1713159408;1713159431;
159219027;1713159514;1713159372;
159219027;1713159372;1713159476;
159219027;1713159476;1713159312;
159219027;1713159312;1713159403;
159219027;1713159403;1713159421;
159219027;1713159421;1713159679;
159219027;1713159679;1713159546;
159219029;1713159400;1713159446;
159219029;1713159446;1713159425;
159219029;1713159425;1713159342;
159219029;1713159342;1713159322;
159219029;1713159322;1713159337;
159219029;1713159337;1713159479;
159219031;1713159486;1713159592;
159219031;1713159592;1713159553;
159219033;1713159329;2420393041;
159219033;2420393041;1713159632;
159219033;1713159632;1713159404;
159219033;1713159404;1713159428;
159219033;1713159428;1713159429;
159219033;1713159429;1713159374;
159219033;1713159374;1713159483;
159219033;1713159483;1713159449;
159219033;1713159449;1029957994;
159829727;1719285850;2067212100;
159829727;2067212100;1719285858;
159829727;1719285858;1719285859;
159829727;1719285859;1719285860;
159829727;1719285860;1719285862;
159829727;1719285862;1719285869;
159829727;1719285869;1719285877;
159829727;1719285877;1990201442;
179994684;1904393663;1904393582;
179994684;1904393582;1904393547;
179994684;1904393547;1904393584;
179994684;1904393584;1713159368;
179994707;1713159356;1904393619;
179994707;1904393619;1904393583;
179994707;1904393583;1904393669;
179994720;1904393699;1904393561;
179994720;1904393561;2420287356;
179994720;2420287356;1904393508;
179994720;1904393508;1904393626;
179994720;1904393626;1904393680;
179994741;896610153;1904393667;
179994741;1904393667;1904393544;
179994741;1904393544;1904393689;
179994741;1904393689;1904393633;
179994741;1904393633;1904393510;
179994741;1904393510;896610140;
179997845;1904414179;1904414164;
179997845;1904414164;1904414249;
179997845;1904414249;1904414237;
179997845;1904414237;1904414244;
179997845;1904414244;1904414140;
179997845;1904414140;1904414218;
179997845;1904414218;1904414216;
179997845;1904414216;1904414171;
179997845;1904414171;1904414251;
179997845;1904414251;1904414173;
179997845;1904414173;1904414201;
179997846;1904414222;1904414163;
179997846;1904414163;1904414177;
179997846;1904414177;1904414206;
179997846;1904414206;1904414197;
179997846;1904414197;1904414170;
179997846;1904414170;1904414137;
179997846;1904414137;1904414202;
179997846;1904414202;1904414130;
179997846;1904414130;1904414209;
179997846;1904414209;2421385742;
179997846;2421385742;1904414212;
179997846;1904414212;1904414136;
179997846;1904414136;1904414242;
179997846;1904414242;1904414243;
179997846;1904414243;1904414166;
179997846;1904414166;1904414134;
179997846;1904414134;1904414142;
179997846;1904414142;1904414159;
179997846;1904414159;2643960416;
179997846;2643960416;1904414169;
179997846;1904414169;1904414240;
179997851;1904414204;1904414133;
179997851;1904414133;1904414135;
179999399;1904435486;1904435550;
179999399;1904435550;1904435466;
179999399;1904435466;1904435540;
179999400;1904435503;1904435473;
179999400;1904435473;1904435521;
179999400;1904435521;1904435509;
179999400;1904435509;1904435490;
179999400;1904435490;1904435498;
179999400;1904435498;1904435486;
179999400;1904435486;1904435497;
179999400;1904435497;1904435552;
179999400;1904435552;1904435544;
179999400;1904435544;1904435455;
179999404;1904435502;1904435473;
179999405;1904435494;1904435484;
179999405;1904435484;1906825285;
179999405;1906825285;1904435538;
179999406;1904435537;1904435519;
179999406;1904435519;1904435491;
179999406;1904435491;1904435548;
179999406;1904435548;1904435537;
179999408;1904435520;1904435506;
179999408;1904435506;1904435511;
179999408;1904435511;1904435454;
179999408;1904435454;1904435504;
179999408;1904435504;1708864506;
179999409;1904435502;1904435538;
179999409;1904435538;1904435458;
179999409;1904435458;1904435474;
179999409;1904435474;896603260;
179999411;1904435503;1904435494;
179999411;1904435494;1904435479;
179999411;1904435479;1904435488;
179999411;1904435488;1904435549;
179999411;1904435549;1708864638;
179999414;1904435532;1904435499;
179999414;1904435499;1904435546;
179999414;1904435546;1904435531;
179999414;1904435531;1904435523;
179999414;1904435523;1904435468;
179999414;1904435468;1904435470;
179999414;1904435470;1904435471;
179999414;1904435471;1904435479;
179999416;1904435503;1904435461;
179999416;1904435461;1904435507;
179999416;1904435507;1904435545;
179999416;1904435545;1904435540;
179999416;1904435540;1904435462;
179999416;1904435462;1904435457;
179999417;1904435488;1904435481;
179999417;1904435481;1904435475;
179999417;1904435475;1904435530;
179999417;1904435530;1904435542;
179999417;1904435542;1904435501;
179999417;1904435501;1904435493;
179999417;1904435493;1904435532;
179999417;1904435532;1904435511;
179999418;1251374950;1904437923;
179999418;1904437923;1904435453;
179999418;1904435453;1904435520;
179999423;1904435549;1904435465;
179999423;1904435465;1904435464;
179999426;1904435518;1904435453;
179999427;1708864038;1904435460;
179999427;1904435460;1904435517;
179999427;1904435517;1904435477;
179999427;1904435477;1904435541;
179999427;1904435541;1904435492;
179999427;1904435492;1904435512;
179999427;1904435512;1904435533;
179999427;1904435533;1904435452;
179999427;1904435452;1904435513;
179999427;1904435513;1904435500;
179999427;1904435500;1904435478;
179999427;1904435478;1904435483;
179999427;1904435483;1904435489;
179999429;1904435473;1904435463;
179999429;1904435463;1904435510;
179999429;1904435510;1904435485;
179999429;1904435485;1904435466;
179999430;1029957827;1904435455;
179999430;1904435455;1904435508;
179999430;1904435508;1904435526;
179999431;1904435457;1904435525;
179999431;1904435525;1904435543;
179999431;1904435543;1904435495;
179999431;1904435495;1251374952;
179999431;1251374952;1904435518;
179999431;1904435518;1904435526;
179999431;1904435526;1904435529;
179999431;1904435529;1251374950;
180001249;1904437924;1904437922;
180001249;1904437922;1904437921;
180001249;1904437921;1904437926;
180001249;1904437926;1251374956;
180001251;1904437925;1904437928;
180001251;1904437928;1904437923;
180192283;1906216039;1906216051;
180192283;1906216051;896603206;
180192460;1906217057;2420391825;
180192462;1906217079;1906217075;
180192462;1906217075;1906217097;
180192462;1906217097;1906217077;
180192462;1906217077;1906217065;
180192462;1906217065;1906217066;
180192462;1906217066;1906217062;
180192462;1906217062;1906217061;
180192462;1906217061;1906217091;
180192462;1906217091;1906217089;
180192462;1906217089;1906217093;
180192462;1906217093;1906217092;
180192462;1906217092;1906217076;
180192462;1906217076;1906217087;
180192462;1906217087;1906217096;
180192462;1906217096;1906217088;
180192462;1906217088;1906217077;
180192462;1906217077;1029957794;
180192465;1906217051;1906217073;
180192466;1713159449;1906217070;
180192466;1906217070;1906217083;
180192466;1906217083;1906217086;
180192466;1906217086;1906217090;
180192466;1906217090;1906217048;
180192466;1906217048;1906217055;
180192466;1906217055;1906217060;
180192466;1906217060;1906217094;
180192466;1906217094;1906217078;
180192466;1906217078;1906217054;
180192466;1906217054;1029957520;
180192467;1906217094;1906217071;
180192467;1906217071;1906217081;
180192467;1906217081;1906217082;
180192467;1906217082;1906217080;
180192467;1906217080;1906217103;
180192467;1906217103;1906217102;
180192467;1906217102;1906217056;
180192467;1906217056;1906217095;
180192467;1906217095;1906217054;
180243477;1906825286;1906825285;
180680519;1911291834;1911291831;
180680519;1911291831;1911291832;
180680519;1911291832;1911291836;
180680519;1911291836;1911291833;
180680519;1911291833;1911291835;
180680520;1911291837;1911291833;
180680902;1911295659;1911295641;
180680902;1911295641;1911295637;
180680902;1911295637;1911295633;
180680902;1911295633;1911295623;
180680902;1911295623;1911295672;
180680902;1911295672;1911295629;
180680902;1911295629;1911295603;
180680902;1911295603;1911295650;
180680902;1911295650;1911295619;
180680902;1911295619;1911295666;
180680902;1911295666;1911295626;
180680902;1911295626;1911295611;
180680902;1911295611;1911295664;
180680902;1911295664;1911295662;
180680902;1911295662;1911295656;
180680902;1911295656;1911295675;
180680902;1911295675;1911295615;
180680902;1911295615;1911295653;
180680902;1911295653;1911295607;
180680902;1911295607;1911295659;
182209917;1925532276;1925532283;
182209917;1925532283;1925532312;
182209917;1925532312;1925532278;
182211633;1925581254;1925582754;
182211633;1925582754;1925581182;
182211635;1925581211;1925581244;
182211635;1925581244;1925581196;
182211635;1925581196;1925581149;
182211635;1925581149;1925581236;
182211636;1925581148;1925581208;
182211636;1925581208;1925581193;
182211636;1925581193;1925581189;
182211636;1925581189;1925581148;
182211637;1925581177;1925581239;
182211637;1925581239;1925581288;
182211638;1925581214;1925581264;
182211638;1925581264;1925581248;
182211638;1925581248;1925581259;
182211638;1925581259;1925581288;
182211638;1925581288;1925581151;
182211638;1925581151;1925581192;
182211638;1925581192;1925581171;
182211639;1925581175;1925581169;
182211639;1925581169;1925581219;
182211639;1925581219;1925581182;
182211639;1925581182;1925581268;
182211639;1925581268;1925604188;
182211639;1925604188;1925581162;
182211639;1925581162;1925581166;
182211639;1925581166;1925581265;
182211639;1925581265;1925581282;
182211639;1925581282;1925582752;
182211639;1925582752;1925581204;
182211639;1925581204;1925582750;
182211639;1925582750;1925581202;
182211639;1925581202;1925581225;
182211639;1925581225;1925581223;
182211639;1925581223;1925596180;
182211639;1925596180;1925596188;
182211639;1925596188;1925581280;
182211639;1925581280;1925581198;
182211639;1925581198;1925581164;
182211639;1925581164;1925581237;
182211639;1925581237;1925581156;
182211639;1925581156;1470044232;
182211641;1470044232;1925581270;
182211641;1925581270;1925581217;
182211641;1925581217;1925581178;
182211641;1925581178;1925581171;
182211641;1925581171;1925581206;
182211641;1925581206;1925581243;
182211641;1925581243;1925618391;
182211641;1925618391;1925581262;
182211641;1925581262;1925581241;
182211641;1925581241;1925581187;
182211641;1925581187;2414839970;
182211641;2414839970;2414839971;
182211641;2414839971;1925581256;
182211641;1925581256;1925581180;
182211641;1925581180;1925581258;
182211641;1925581258;1925581267;
182211641;1925581267;1925581154;
182211641;1925581154;1925581252;
182211641;1925581252;2014619557;
182211662;1925582750;1925581254;
182214764;1925596204;1925596134;
182214764;1925596134;1925596147;
182214764;1925596147;1925596159;
182214764;1925596159;1925596209;
182214764;1925596209;1925596194;
182214764;1925596194;1925596178;
182214764;1925596178;1925596155;
182214764;1925596155;1925596150;
182214764;1925596150;1925596177;
182214764;1925596177;1925596183;
182214764;1925596183;1925581198;
182214765;1925596206;1925596204;
182214766;1925596151;1925596188;
182214768;1925596180;1925596152;
182215867;1925612623;1925612625;
182215867;1925612625;1925612617;
182215867;1925612617;1925612620;
182215867;1925612620;1925612631;
182215867;1925612631;1925612633;
182215867;1925612633;1925612629;
182215867;1925612629;1925612609;
182215867;1925612609;1925612619;
182215867;1925612619;1925612606;
182215867;1925612606;440759704;
182215868;1925612608;1925582754;
182215869;1925596199;1925612612;
182215869;1925612612;1925612627;
182284916;1926234134;1926234176;
182284916;1926234176;1926234108;
182284916;1926234108;1926234081;
182284916;1926234081;1926234119;
182284916;1926234119;1926234189;
182284916;1926234189;1926234079;
182284916;1926234079;1926234083;
182285687;1926261507;1926261283;
182285687;1926261283;1926261292;
182285687;1926261292;1926261475;
182285687;1926261475;1926261297;
182285687;1926261297;1926261357;
182285687;1926261357;1926261313;
182285687;1926261313;1926261305;
182285687;1926261305;1926261431;
182285687;1926261431;1926261559;
182285687;1926261559;1926261435;
182285687;1926261435;1926261528;
182285687;1926261528;1926261314;
182285687;1926261314;1926261573;
182285687;1926261573;1926261397;
182285687;1926261397;1926261269;
182285687;1926261269;1926261509;
182285694;1104338236;1926261463;
182285695;1104338236;1026493475;
182285698;1926261463;1926261563;
182285698;1926261563;1926261339;
182285698;1926261339;1926261255;
182285698;1926261255;1926261510;
182285705;2415321705;2415321704;
182285705;2415321704;2415321703;
182285705;2415321703;2415321700;
182285705;2415321700;2414860656;
182285705;2414860656;2414860659;
182285705;2414860659;2414860662;
182285705;2414860662;2414860664;
182285705;2414860664;2414860666;
182285705;2414860666;2415321702;
182285705;2415321702;2414860668;
182285705;2414860668;2414860670;
182285705;2414860670;2414860685;
182285705;2414860685;2414860689;
182285705;2414860689;2414860691;
182285705;2414860691;2414860693;
182285705;2414860693;1926261503;
182285705;1926261503;1926261355;
182285705;1926261355;1926261370;
182285705;1926261370;1926261335;
182285705;1926261335;1926261382;
182285705;1926261382;1926261268;
182285705;1926261268;1926261276;
182285705;1926261276;1926261415;
182285705;1926261415;1926261420;
182285705;1926261420;1926261419;
182285705;1926261419;1926261418;
182285705;1926261418;1926261391;
182285705;1926261391;1926261389;
182285705;1926261389;1926261539;
182285705;1926261539;1926261545;
182285705;1926261545;1926261353;
182285705;1926261353;1926261341;
182285705;1926261341;1926261465;
182285705;1926261465;1926261460;
182285705;1926261460;1926261385;
182285705;1926261385;1926261543;
182285705;1926261543;1926261251;
182285705;1926261251;1926261445;
182285705;1926261445;1926261320;
182465664;1928228380;1928228300;
182465665;1928228369;1928228372;
182465669;1928228338;1928228299;
182465673;1029932169;3115616555;
182465673;3115616555;3115616556;
182465676;1928228327;1928228323;
182465683;1928228302;1928228341;
182465689;1928228294;1928228308;
182775594;5318899681;1931279734;
182794287;1931520004;1931520006;
182794287;1931520006;1931519925;
182794287;1931519925;1931520025;
182794987;1931530610;1931530601;
182794987;1931530601;1931530604;
182794987;1931530604;1931530566;
182794990;1029914246;1931530555;
182794990;1931530555;1931530616;
182794990;1931530616;1931530613;
182794990;1931530613;1931530567;
182794990;1931530567;1931530553;
182795186;1029900542;1931535424;
182795186;1931535424;1931535431;
182795186;1931535431;1931535444;
183332146;1904435537;1904435536;
183332146;1904435536;1904435505;
183332146;1904435505;1904435547;
183332878;1937076505;1937076511;
183332878;1937076511;1937076545;
183332878;1937076545;1937076550;
183332880;1937076542;1937076547;
183332880;1937076547;1937076543;
183332880;1937076543;1937076504;
183332880;1937076504;1937076516;
183332880;1937076516;1937076512;
183332880;1937076512;1937076503;
183332883;1937076506;1937076500;
183332883;1937076500;1937076554;
183332883;1937076554;1937076499;
183332883;1937076499;1937076551;
183332883;1937076551;1937076530;
183332883;1937076530;1937076514;
183332883;1937076514;1937076508;
183332885;1937076546;1937076552;
183332885;1937076552;1937076511;
183334915;1937092263;1937092194;
183334915;1937092194;2420287233;
183334915;2420287233;1937092293;
183334915;1937092293;1937092206;
183334915;1937092206;1937092291;
183334915;1937092291;1937092258;
183334915;1937092258;1937092278;
183334915;1937092278;1937092234;
183602162;1940080340;1470044253;
183602944;1925581148;1925581172;
183602944;1925581172;1925581212;
183748120;1941547107;1941547093;
183748120;1941547093;1941547097;
183748120;1941547097;1941547098;
183748120;1941547098;1941547109;
183748120;1941547109;1941547086;
183748120;1941547086;1941547089;
183748120;1941547089;1941547104;
183748120;1941547104;1941547088;
183748120;1941547088;1941547080;
183748120;1941547080;1941547091;
183748120;1941547091;1941547111;
183748120;1941547111;1941547092;
183748120;1941547092;1941547090;
183748120;1941547090;1941547085;
183748120;1941547085;1941547094;
183748120;1941547094;1941547096;
183748120;1941547096;1941547099;
183748120;1941547099;1941547083;
183748120;1941547083;1941547106;
183748120;1941547106;1941547112;
183748120;1941547112;1941547105;
183748120;1941547105;1941547108;
183748120;1941547108;1941547079;
183748120;1941547079;1941547078;
183748120;1941547078;1941547100;
183748120;1941547100;1941547095;
183748120;1941547095;1941547087;
183748120;1941547087;1941547084;
183748120;1941547084;1941547081;
183748120;1941547081;1941547082;
183748120;1941547082;1941547110;
183748120;1941547110;1941547101;
183748120;1941547101;1941547077;
183748120;1941547077;1941547102;
183748120;1941547102;1941547107;
183748120;1941547107;1941547103;
183748120;1941547103;1906217060;
188393525;899147487;1990201450;
188393525;1990201450;1990201412;
188393525;1990201412;1990201521;
188393525;1990201521;1990201522;
188393526;1904393514;1990201444;
188393526;1990201444;1990201522;
188393526;1990201522;1990201439;
188393526;1990201439;2063728741;
188393526;2063728741;2063728746;
190855381;1904414247;1904414211;
190855381;1904414211;1904414248;
190855381;1904414248;1904414181;
190855381;1904414181;1904414183;
190855381;1904414183;2014619556;
190855381;2014619556;1904414204;
196001983;2063728746;1990201392;
196001983;1990201392;1990201435;
196001983;1990201435;1990201396;
196001983;1990201396;1990201482;
196001983;1990201482;1990201441;
196001983;1990201441;1990201523;
196001983;1990201523;1990201409;
196001983;1990201409;1990201478;
196001983;1990201478;1990201438;
196001983;1990201438;1990201494;
196001983;1990201494;3980308701;
196001983;3980308701;1990201480;
196001984;2063728746;1990201414;
196001984;1990201414;1990201411;
196001984;1990201411;1990201397;
196001984;1990201397;1990201448;
196001984;1990201448;1990201519;
196001984;1990201519;899147246;
196378629;2067212109;2067212100;
220251401;899147222;1904393524;
220251401;1904393524;899147995;
220251401;899147995;1904393682;
220251402;1904393514;899147937;
220251402;899147937;1904393585;
220251402;1904393585;899147246;
220251402;899147246;1904393691;
220251402;1904393691;899147625;
220251403;1029900508;1029876879;
220251404;3131052385;1708864108;
220251404;1708864108;1708864123;
220251404;1708864123;1708864130;
220251404;1708864130;3131052381;
220251404;3131052381;1708864135;
220251404;1708864135;1708864133;
220251404;1708864133;1708864127;
220251404;1708864127;1708864111;
220251404;1708864111;3131052382;
220251404;3131052382;1708864106;
220251404;1708864106;3131052383;
220251404;3131052383;899147326;
220251404;899147326;3131052380;
220251404;3131052380;1708864094;
220251404;1708864094;3131052379;
220251404;3131052379;1708864083;
220251404;1708864083;3131052378;
220251404;3131052378;1708864079;
220251404;1708864079;899147537;
220251404;899147537;1708864092;
220251404;1708864092;1708864099;
220251404;1708864099;3131052384;
220251404;3131052384;2418442858;
220251404;2418442858;3131052385;
220251405;90364760;1573405467;
220251405;1573405467;1190080195;
220251405;1190080195;90364762;
220251405;90364762;3090001018;
220251405;3090001018;1190080362;
220251405;1190080362;899126748;
220251405;899126748;2419356794;
220251405;2419356794;2419356795;
220251405;2419356795;90364763;
220251405;90364763;899126462;
220251405;899126462;2419339661;
220251405;2419339661;90364765;
220251405;90364765;2419339665;
220251405;2419339665;2419339676;
220251405;2419339676;1190080081;
220251405;1190080081;1106843283;
220251405;1106843283;1106843279;
221310239;1708863771;1708863757;
226404870;1904393682;899147794;
226404870;899147794;1904393623;
226404870;1904393623;899147660;
226404871;1029900542;1029957570;
226404871;1029957570;899147206;
226404872;440759467;1029900480;
226404872;1029900480;440759473;
226404873;899147660;1904393589;
226404873;1904393589;899147157;
226404873;899147157;1904393514;
226404874;899147206;440759465;
233145220;440760138;2414811545;
233145220;2414811545;1925581252;
233148569;2414839971;2414839969;
233148569;2414839969;2414839968;
233148569;2414839968;2414839967;
233150581;2414860670;2414860687;
233150581;2414860687;2414860690;
233150581;2414860690;2414860692;
233150581;2414860692;2414860694;
233181856;1708863757;1708863703;
233181858;1708863703;2415356888;
233181859;2415356858;2415356861;
233181859;2415356861;2415356867;
233181859;2415356867;2415356884;
233181859;2415356884;2415356893;
233181859;2415356893;2415356896;
233181860;1708863703;2415356865;
233181860;2415356865;2415356863;
233181860;2415356863;440759581;
233181861;2415356891;2415356886;
233181861;2415356886;2415356888;
233182612;2415356884;2415369649;
233182612;2415369649;2415369651;
233182612;2415369651;2415369652;
233182612;2415369652;1911303099;
233182613;2415369651;2415369650;
233325513;1925581254;2417209388;
233461847;1708863901;2418438688;
233461847;2418438688;2418438689;
233461847;2418438689;1708864007;
233461848;1708864010;1708864038;
233461848;1708864038;2418438690;
233461848;2418438690;2014619554;
233462229;2014619554;2418442852;
233462229;2418442852;2418442856;
233462229;2418442856;2418442858;
233568201;2419339639;2419339633;
233568201;2419339633;2419339631;
233568201;2419339631;2419339629;
233568201;2419339629;899147868;
233568201;899147868;2419339627;
233568201;2419339627;2419339625;
233568201;2419339625;2419339622;
233568201;2419339622;2419339620;
233568201;2419339620;2419339618;
233568201;2419339618;2419346318;
233568201;2419346318;2419339616;
233568201;2419339616;2419339614;
233568201;2419339614;2587985039;
233568201;2587985039;2419339609;
233568206;2419339642;2419339641;
233568206;2419339641;2419339639;
233568210;2419339694;2419339692;
233568210;2419339692;2419339678;
233568210;2419339678;2419339663;
233568210;2419339663;2419339659;
233568210;2419339659;2419339657;
233568210;2419339657;2419339653;
233568210;2419339653;2419339649;
233568210;2419339649;2419339648;
233568210;2419339648;2419339647;
233568210;2419339647;3090001017;
233568210;3090001017;2419339646;
233568210;2419339646;2419339644;
233568210;2419339644;2419339642;
233568218;2419339609;2419339605;
233568218;2419339605;2419339599;
233568218;2419339599;2587984950;
233568218;2587984950;2419339587;
233568220;2419339649;1190080041;
233568222;2419339633;899147380;
233684829;1937092185;1937092194;
233684830;1937092254;1937092293;
233684831;1470044253;2420287368;
233684831;2420287368;1937092234;
233684832;2420287368;3405863144;
233684832;3405863144;2420287352;
233684832;2420287352;1470044245;
233692656;1713159402;2420393038;
233692656;2420393038;2420393039;
233692656;2420393039;2420393040;
233693026;1904435457;1904435518;
233739844;2420790214;2420790213;
233739844;2420790213;2420790211;
233739844;2420790211;2420790209;
233739844;2420790209;2420790208;
233739844;2420790208;2420790206;
233739844;2420790206;1030781318;
233739845;2420790207;2711798889;
233739845;2711798889;2420790210;
233739845;2420790210;2420790212;
233739845;2420790212;2420790214;
233740475;1030781410;1634677172;
233740475;1634677172;2420798306;
233740475;2420798306;2420798305;
233740475;2420798305;899126610;
233806618;1904414130;1904414245;
233806619;2421359541;2938005333;
233806619;2938005333;3869868297;
233806619;3869868297;3313042674;
233806619;3313042674;2938005334;
233806619;2938005334;1904414245;
252733964;2587704081;2587704084;
265529432;1104338237;899126536;
265529433;899126670;3834640057;
265529433;3834640057;899126511;
265529433;899126511;1926261510;
265529433;1926261510;899126463;
265529434;1029957692;1904414220;
265529434;1904414220;1029957956;
265529434;1029957956;2421385744;
265529434;2421385744;2938005352;
265529434;2938005352;2938005351;
290250407;896621587;2938005347;
290250407;2938005347;2938005349;
290250407;2938005349;899126440;
290250408;896621593;3313027371;
290250408;3313027371;2938005331;
290250408;2938005331;2938005330;
290250408;2938005330;2938005329;
290250408;2938005329;2938005327;
290250408;2938005327;2938005326;
290250408;2938005326;3313027370;
290250408;3313027370;2938005328;
304462111;1926261463;3834640057;
304462111;3834640057;1104338238;
306596788;899147575;3405863138;
306596788;3405863138;3115614730;
306596788;3115614730;3115614729;
306596788;3115614729;3405863136;
306596788;3405863136;3115602127;
306596788;3115602127;3115602126;
306596788;3115602126;2417034379;
306597091;3115616556;3115616557;
306597091;3115616557;3115616558;
306597091;3115616558;3115616559;
306597091;3115616559;896610142;
324589552;2421359541;3313042673;
324589552;3313042673;896621607;
324589552;896621607;896621624;
324589552;896621624;2938005337;
324589552;2938005337;2938005338;
324589552;2938005338;896621605;
324589552;896621605;2711799970;
324589552;2711799970;896621602;
324589552;896621602;2711799974;
324589552;2711799974;2643960419;
324589552;2643960419;896621616;
324589552;896621616;2643960417;
324589552;2643960417;896621621;
324589552;896621621;896621587;
383678992;896621593;896621619;
383678993;1904414245;896621593;
383678994;896621619;896621596;
383678994;896621596;2938005325;
383678994;2938005325;2938005328;
395140700;3980308701;3980308702;
395140700;3980308702;3980308703;
395140700;3980308703;3980308704;
395140700;3980308704;3980308705;
395140700;3980308705;3980308706;
395140700;3980308706;3980308707;
395140700;3980308707;3980308708;
395140700;3980308708;3980308709;
395140700;3980308709;3980308710;
395140700;3980308710;3980308711;
395140700;3980308711;3980308712;
395140700;3980308712;3980308713;
395140700;3980308713;3980308714;
395140700;3980308714;3980308715;
395140700;3980308715;3980308716;
395140700;3980308716;3980308717;
395140700;3980308717;3980308718;
395140700;3980308718;3980308719;
395140700;3980308719;3980308720;
395140700;3980308720;3980308721;
395140700;3980308721;3980308722;
395140700;3980308722;3980308723;
395140700;3980308723;3980308724;
437796159;1904414240;1904414223;
437796159;1904414223;1904414205;
437796159;1904414205;1904414220;
437796160;2938005351;2938005350;
437796160;2938005350;2938005348;
437796160;2938005348;2938005346;
437796160;2938005346;2938005345;
437796160;2938005345;2938005344;
437796160;2938005344;2938005343;
437796160;2938005343;2938005342;
437796160;2938005342;2938005341;
437796160;2938005341;2938005340;
437796160;2938005340;2938005339;
437796160;2938005339;2938005336;
437796160;2938005336;2938005335;
437796160;2938005335;896621608;
437796160;896621608;1904414245;
497504588;4890627989;4890627992;
497504588;4890627992;5075219778;
497504588;5075219778;5075219779;
497504588;5075219779;5075219780;
497504588;5075219780;5075219781;
497504594;4890627997;4890627999;
497504594;4890627999;4890628000;
497504594;4890628000;4890628001;
497504594;4890628001;4890628008;
497504594;4890628008;4890627980;
497504595;4890627997;4890627982;
497504595;4890627982;4890627983;
497507301;1144174048;2420790207;
497507301;2420790207;899126576;
497507301;899126576;1030781373;
497507301;1030781373;899126440;
497507302;4890627997;4890627996;
497507302;4890627996;4890627995;
497507302;4890627995;4890627993;
497507302;4890627993;4890627990;
497507302;4890627990;4890627988;
497507302;4890627988;4890627989;
497507302;4890627989;4890627986;
497507302;4890627986;4890628002;
497507302;4890628002;4890628005;
497507302;4890628005;4890627998;
497507302;4890627998;4890627994;
497507302;4890627994;4890627991;
497507302;4890627991;4890627987;
497507302;4890627987;4890627985;
497507302;4890627985;4890627984;
497507302;4890627984;4890633864;
497507303;899126440;4890633865;
