30978759;40.77343;-73.97631;-1.29113;0.7116305
42421969;40.76928;-73.98103;-1.291212;0.7115581
42421972;40.76979;-73.98225;-1.291234;0.7115671
42421974;40.77048;-73.98385;-1.291262;0.7115791
42421978;40.77137;-73.986;-1.291299;0.7115946
42421982;40.77166;-73.98669;-1.291311;0.7115998
42421985;40.77287;-73.98955;-1.291361;0.7116207
42423565;40.75964;-73.964;-1.290915;0.7113898
42423569;40.76036;-73.96353;-1.290907;0.7114025
42423571;40.76042;-73.96301;-1.290898;0.7114035
42423579;40.75957;-73.96055;-1.290855;0.7113888
42423674;40.76688;-73.97907;-1.291178;0.7115162
42423677;40.76775;-73.97874;-1.291173;0.7115314
42423742;40.7604;-73.9623;-1.290886;0.7114032
42423747;40.76123;-73.96261;-1.290891;0.7114177
42423752;40.76208;-73.96199;-1.29088;0.7114325
42424089;40.76061;-73.96435;-1.290921;0.7114069
42424098;40.76123;-73.96391;-1.290914;0.7114177
42424609;40.76783;-73.9789;-1.291175;0.711533
42424805;40.76986;-73.97353;-1.291082;0.7115684
42424899;40.76876;-73.9799;-1.291193;0.7115491
42427762;40.76366;-73.97346;-1.29108;0.7114601
42427764;40.76394;-73.97411;-1.291092;0.7114649
42427965;40.75991;-73.95881;-1.290825;0.7113947
42427968;40.76054;-73.95835;-1.290817;0.7114057
42427970;40.76116;-73.95793;-1.290809;0.7114165
42427972;40.7618;-73.95745;-1.290801;0.7114275
42427985;40.76367;-73.95609;-1.290777;0.7114602
42427991;40.7643;-73.95563;-1.290769;0.7114712
42427996;40.76492;-73.95517;-1.290761;0.711482
42428003;40.76555;-73.9547;-1.290753;0.7114931
42428007;40.76686;-73.95375;-1.290736;0.711516
42428010;40.76754;-73.95325;-1.290728;0.7115278
42428012;40.76818;-73.95277;-1.290719;0.711539
42428300;40.75869;-73.98532;-1.291287;0.7113733
42428303;40.7594;-73.98507;-1.291283;0.7113857
42428305;40.76011;-73.98481;-1.291278;0.7113981
42428307;40.76078;-73.98446;-1.291272;0.7114098
42428308;40.76143;-73.98405;-1.291265;0.7114211
42428310;40.76207;-73.98363;-1.291258;0.7114323
42428312;40.7627;-73.98322;-1.291251;0.7114433
42428313;40.76336;-73.98283;-1.291244;0.7114547
42428315;40.76404;-73.98248;-1.291238;0.7114667
42428321;40.76474;-73.98222;-1.291233;0.7114789
42428328;40.76545;-73.98199;-1.291229;0.7114914
42428329;40.76629;-73.98185;-1.291227;0.7115059
42428332;40.76712;-73.98171;-1.291224;0.7115205
42428570;40.76894;-73.98221;-1.291233;0.7115523
42428575;40.77061;-73.98227;-1.291234;0.7115813
42428579;40.77145;-73.98228;-1.291234;0.711596
42428583;40.7722;-73.98228;-1.291234;0.7116092
42428588;40.77263;-73.98229;-1.291235;0.7116167
42429330;40.78013;-73.95706;-1.290794;0.7117476
42429334;40.77951;-73.95558;-1.290768;0.7117367
42429338;40.77883;-73.95397;-1.29074;0.7117249
42429680;40.77115;-73.96799;-1.290985;0.7115908
42429682;40.77048;-73.96638;-1.290957;0.7115791
42429685;40.76975;-73.96465;-1.290927;0.7115664
42429688;40.76912;-73.96315;-1.2909;0.7115554
42429690;40.76845;-73.96155;-1.290873;0.7115437
42429693;40.76751;-73.9593;-1.290833;0.7115273
42429694;40.76652;-73.95693;-1.290792;0.71151
42429970;40.76677;-73.97119;-1.291041;0.7115143
42429971;40.76609;-73.96958;-1.291013;0.7115025
42429974;40.76537;-73.96786;-1.290983;0.71149
42429976;40.76473;-73.96636;-1.290956;0.7114788
42429980;40.76406;-73.96475;-1.290928;0.711467
42429981;40.76311;-73.96252;-1.290889;0.7114505
42429986;40.76212;-73.96013;-1.290848;0.7114331
42429999;40.77542;-73.98396;-1.291264;0.7116653
42430052;40.77374;-73.96401;-1.290915;0.7116359
42430056;40.773;-73.96226;-1.290885;0.7116231
42430060;40.77238;-73.96078;-1.290859;0.7116122
42430063;40.77171;-73.95918;-1.290831;0.7116005
42430342;40.75614;-73.98317;-1.29125;0.7113289
42430344;40.75677;-73.98271;-1.291242;0.7113398
42430347;40.75739;-73.98225;-1.291234;0.7113506
42430350;40.75801;-73.9818;-1.291226;0.7113615
42430352;40.75864;-73.98134;-1.291218;0.7113726
42430356;40.75927;-73.98088;-1.29121;0.7113835
42430358;40.75991;-73.98042;-1.291202;0.7113947
42430361;40.76052;-73.97997;-1.291194;0.7114053
42430363;40.76114;-73.97952;-1.291186;0.7114161
42430367;40.76177;-73.97906;-1.291178;0.7114272
42430371;40.7624;-73.9786;-1.29117;0.7114381
42430375;40.76302;-73.97814;-1.291162;0.711449
42430378;40.76365;-73.97768;-1.291154;0.7114598
42430384;40.76432;-73.9772;-1.291146;0.7114717
42430390;40.76503;-73.97668;-1.291137;0.7114839
42430394;40.76567;-73.97622;-1.291129;0.7114952
42430482;40.789;-73.94655;-1.290611;0.7119024
42430694;40.76463;-73.99554;-1.291466;0.711477
42430698;40.76525;-73.99509;-1.291458;0.7114879
42430704;40.76588;-73.99464;-1.29145;0.7114989
42430707;40.76651;-73.99417;-1.291442;0.7115098
42430713;40.76711;-73.99372;-1.291434;0.7115202
42430722;40.76774;-73.99326;-1.291426;0.7115313
42430736;40.76839;-73.9928;-1.291418;0.7115427
42430739;40.76901;-73.99235;-1.29141;0.7115535
42430742;40.76965;-73.99189;-1.291402;0.7115645
42430747;40.77098;-73.99091;-1.291385;0.7115878
42430749;40.77162;-73.99046;-1.291377;0.7115991
42431280;40.77028;-73.97913;-1.291179;0.7115755
42431281;40.76735;-73.97787;-1.291157;0.7115245
42431544;40.76229;-73.97446;-1.291098;0.7114363
42431549;40.76484;-73.98053;-1.291204;0.7114807
42431556;40.76603;-73.98338;-1.291253;0.7115015
42431560;40.76725;-73.98621;-1.291303;0.7115227
42431563;40.76844;-73.98905;-1.291353;0.7115436
42431649;40.7674;-73.97073;-1.291033;0.7115253
42431650;40.76672;-73.96912;-1.291005;0.7115135
42431652;40.76599;-73.96741;-1.290975;0.7115008
42431654;40.76536;-73.9659;-1.290948;0.7114897
42431656;40.76468;-73.9643;-1.290921;0.7114779
42431659;40.76374;-73.96206;-1.290881;0.7114614
42431661;40.76274;-73.95969;-1.29084;0.711444
42431671;40.7699;-73.9689;-1.291001;0.711569
42431674;40.76923;-73.9673;-1.290973;0.7115572
42431677;40.7685;-73.96558;-1.290943;0.7115446
42431678;40.76786;-73.96407;-1.290917;0.7115335
42431680;40.76719;-73.96247;-1.290889;0.7115217
42431681;40.76624;-73.96023;-1.290849;0.7115052
42431684;40.76524;-73.95787;-1.290808;0.7114877
42432585;40.76046;-73.9837;-1.291259;0.7114043
42432589;40.76167;-73.98656;-1.291309;0.7114254
42432594;40.76286;-73.9894;-1.291359;0.7114462
42432598;40.76406;-73.99224;-1.291408;0.711467
42432605;40.76621;-73.99734;-1.291497;0.7115046
42432700;40.75916;-73.98839;-1.291341;0.7113816
42432706;40.76155;-73.99407;-1.29144;0.7114233
42432818;40.76297;-73.97397;-1.291089;0.711448
42432825;40.76229;-73.97236;-1.291061;0.7114362
42432834;40.76157;-73.97066;-1.291031;0.7114236
42432847;40.76093;-73.96913;-1.291005;0.7114124
42432856;40.76026;-73.96754;-1.290977;0.7114007
42432861;40.75931;-73.96529;-1.290938;0.7113842
42433876;40.76759;-73.97311;-1.291074;0.7115287
42433881;40.7695;-73.97234;-1.291061;0.7115621
42433889;40.77109;-73.97049;-1.291029;0.7115897
42433892;40.77155;-73.96964;-1.291014;0.7115977
42433896;40.7728;-73.96883;-1.291;0.7116197
42434168;40.7858;-73.95292;-1.290722;0.7118465
42434172;40.7845;-73.94984;-1.290668;0.7118238
42434385;40.79413;-73.9428;-1.290545;0.7119919
42434898;40.78964;-73.94609;-1.290603;0.7119135
42435250;40.76991;-73.98058;-1.291205;0.7115692
42435253;40.77053;-73.98011;-1.291196;0.71158
42435257;40.77116;-73.97965;-1.291188;0.7115909
42435261;40.77178;-73.97919;-1.29118;0.7116019
42435264;40.77242;-73.97873;-1.291172;0.7116129
42435396;40.79726;-73.94052;-1.290506;0.7120464
42435499;40.77954;-73.95977;-1.290841;0.7117373
42435504;40.7788;-73.95802;-1.290811;0.7117244
42435509;40.77818;-73.95654;-1.290785;0.7117136
42435514;40.7775;-73.95494;-1.290757;0.7117017
42435668;40.75791;-73.98929;-1.291357;0.7113597
42435671;40.75853;-73.98885;-1.291349;0.7113706
42435675;40.75979;-73.98793;-1.291333;0.7113925
42435677;40.76041;-73.98747;-1.291325;0.7114034
42435680;40.76104;-73.98701;-1.291317;0.7114143
42435684;40.76229;-73.9861;-1.291301;0.7114363
42435687;40.76292;-73.98565;-1.291293;0.7114471
42435702;40.76353;-73.9852;-1.291285;0.7114578
42435705;40.76416;-73.98474;-1.291277;0.7114688
42435707;40.7648;-73.98427;-1.291269;0.7114799
42435710;40.76542;-73.98383;-1.291261;0.7114907
42435714;40.76672;-73.98288;-1.291245;0.7115134
42435716;40.76741;-73.9824;-1.291236;0.7115255
42436475;40.77246;-73.96704;-1.290968;0.7116137
42436477;40.77179;-73.96543;-1.29094;0.7116019
42436481;40.77105;-73.96368;-1.29091;0.711589
42436484;40.77042;-73.96221;-1.290884;0.7115781
42436486;40.76975;-73.9606;-1.290856;0.7115663
42436489;40.7688;-73.95837;-1.290817;0.7115498
42436492;40.7678;-73.956;-1.290776;0.7115324
42436510;40.76552;-73.9721;-1.291057;0.7114925
42436511;40.76484;-73.9705;-1.291029;0.7114807
42436514;40.76412;-73.96877;-1.290998;0.7114681
42436516;40.76348;-73.96727;-1.290972;0.711457
42436519;40.76281;-73.96568;-1.290945;0.7114453
42436527;40.76187;-73.96344;-1.290906;0.7114288
42436531;40.76086;-73.96107;-1.290864;0.7114113
42436541;40.78205;-73.95565;-1.29077;0.7117811
42436546;40.78075;-73.95258;-1.290716;0.7117584
42436624;40.79026;-73.94563;-1.290595;0.7119244
42436647;40.79287;-73.94373;-1.290561;0.71197
42436700;40.76042;-73.97583;-1.291122;0.7114035
42436701;40.75974;-73.97422;-1.291094;0.7113916
42436703;40.75902;-73.97251;-1.291064;0.7113791
42436913;40.77563;-73.96263;-1.290891;0.711669
42436914;40.77488;-73.96088;-1.290861;0.711656
42436917;40.77428;-73.95939;-1.290835;0.7116454
42436919;40.77357;-73.95781;-1.290807;0.7116331
42437371;40.75963;-73.99548;-1.291465;0.7113897
42437423;40.76927;-73.96937;-1.291009;0.711558
42437425;40.76859;-73.96776;-1.290981;0.7115462
42437428;40.76788;-73.96603;-1.290951;0.7115337
42437433;40.76723;-73.96453;-1.290925;0.7115224
42437436;40.76656;-73.96293;-1.290897;0.7115106
42437445;40.76561;-73.96069;-1.290858;0.7114941
42437451;40.76461;-73.95832;-1.290816;0.7114767
42438487;40.777;-73.96163;-1.290874;0.7116929
42438490;40.77626;-73.95988;-1.290843;0.71168
42438498;40.77564;-73.9584;-1.290818;0.7116691
42438503;40.77496;-73.9568;-1.29079;0.7116573
42438788;40.77314;-73.96654;-1.29096;0.7116255
42438791;40.77246;-73.96494;-1.290932;0.7116138
42438795;40.77172;-73.96319;-1.290901;0.7116008
42438798;40.7711;-73.96172;-1.290875;0.7115899
42438800;40.77042;-73.96011;-1.290848;0.7115781
42438802;40.76947;-73.95787;-1.290808;0.7115616
42438805;40.76847;-73.95551;-1.290767;0.7115441
42438886;40.75652;-73.97433;-1.291096;0.7113354
42438953;40.78838;-73.94701;-1.290619;0.7118916
42439057;40.76958;-73.97286;-1.29107;0.7115634
42439059;40.76979;-73.97334;-1.291078;0.7115671
42439392;40.77827;-73.9607;-1.290858;0.7117151
42439395;40.77753;-73.95895;-1.290827;0.7117022
42439399;40.77691;-73.95747;-1.290801;0.7116913
42439403;40.77623;-73.95587;-1.290774;0.7116795
42439464;40.7748;-73.98441;-1.291272;0.7116544
42439553;40.77377;-73.96607;-1.290951;0.7116366
42439556;40.7731;-73.96448;-1.290924;0.7116248
42439557;40.77235;-73.96273;-1.290893;0.7116118
42439559;40.77173;-73.96125;-1.290867;0.7116009
42439561;40.77105;-73.95965;-1.290839;0.7115891
42439563;40.77011;-73.95741;-1.2908;0.7115726
42439567;40.7691;-73.95505;-1.290759;0.7115551
42439990;40.75859;-73.98508;-1.291283;0.7113715
42439996;40.75984;-73.98418;-1.291268;0.7113934
42440001;40.76109;-73.98325;-1.291251;0.7114153
42440004;40.76172;-73.9828;-1.291244;0.7114262
42440009;40.76233;-73.98236;-1.291236;0.7114369
42440012;40.76297;-73.9819;-1.291228;0.711448
42440015;40.7636;-73.98143;-1.29122;0.711459
42440020;40.76422;-73.98099;-1.291212;0.7114698
42440022;40.76552;-73.98003;-1.291195;0.7114926
42440025;40.76621;-73.97953;-1.291186;0.7115046
42440153;40.75854;-73.9772;-1.291146;0.7113706
42440163;40.76349;-73.98895;-1.291351;0.7114571
42440170;40.76469;-73.99178;-1.2914;0.711478
42440313;40.76428;-73.97301;-1.291073;0.7114709
42440452;40.75917;-73.97675;-1.291138;0.7113817
42440456;40.75776;-73.97343;-1.29108;0.7113572
42440934;40.76924;-73.98478;-1.291278;0.7115575
42440935;40.77041;-73.98761;-1.291327;0.711578
42440951;40.76167;-73.97491;-1.291106;0.7114252
42440960;40.76661;-73.98667;-1.291311;0.7115116
42440966;40.76783;-73.9895;-1.29136;0.7115328
42440973;40.77;-73.99477;-1.291452;0.7115707
42442142;40.7672;-73.97673;-1.291137;0.7115219
42442145;40.77296;-73.97251;-1.291064;0.7116225
42442410;40.77354;-73.98534;-1.291288;0.7116325
42442415;40.77416;-73.98488;-1.29128;0.7116433
42442417;40.77605;-73.98351;-1.291256;0.7116763
42442422;40.77729;-73.9826;-1.29124;0.7116981
42442961;40.75999;-73.9648;-1.290929;0.711396
42442963;40.7625;-73.96298;-1.290898;0.7114398
42442977;40.76437;-73.96161;-1.290874;0.7114724
42442983;40.76499;-73.96115;-1.290866;0.7114832
42443000;40.76686;-73.95978;-1.290842;0.711516
42443009;40.76812;-73.95886;-1.290826;0.7115378
42443313;40.77172;-73.98294;-1.291246;0.7116008
42443320;40.773;-73.98206;-1.291231;0.7116231
42443532;40.76223;-73.98986;-1.291367;0.7114352
42443534;40.76343;-73.9927;-1.291416;0.711456
42443563;40.76093;-73.99452;-1.291448;0.7114124
42443612;40.76162;-73.97285;-1.29107;0.7114244
42443613;40.7609;-73.97114;-1.29104;0.711412
42443614;40.76025;-73.96963;-1.291014;0.7114006
42443615;40.75957;-73.96801;-1.290985;0.7113888
42444491;40.78519;-73.95336;-1.29073;0.7118358
42444500;40.78389;-73.95028;-1.290676;0.7118132
42444812;40.78268;-73.95519;-1.290762;0.711792
42444817;40.78138;-73.95212;-1.290708;0.7117693
42445018;40.76099;-73.99077;-1.291383;0.7114134
42445020;40.7616;-73.99032;-1.291375;0.7114242
42445025;40.76411;-73.98849;-1.291343;0.7114679
42445027;40.76475;-73.98803;-1.291335;0.7114791
42445033;40.766;-73.98713;-1.291319;0.7115008
42445037;40.76792;-73.98572;-1.291294;0.7115344
42445039;40.76859;-73.98523;-1.291286;0.7115461
42445149;40.76673;-73.97701;-1.291142;0.7115137
42445225;40.77177;-73.96754;-1.290977;0.7116017
42445227;40.7711;-73.96593;-1.290949;0.7115899
42445230;40.77037;-73.9642;-1.290919;0.7115772
42445232;40.76974;-73.96271;-1.290893;0.7115662
42445236;40.76906;-73.96111;-1.290865;0.7115543
42445247;40.76712;-73.9565;-1.290784;0.7115204
42445261;40.78712;-73.94792;-1.290635;0.7118696
42445736;40.78142;-73.95612;-1.290778;0.71177
42445740;40.78012;-73.95303;-1.290724;0.7117474
42445827;40.79225;-73.94418;-1.290569;0.711959
42445936;40.76036;-73.97376;-1.291086;0.7114026
42445941;40.76099;-73.97331;-1.291078;0.7114135
42445947;40.76298;-73.97186;-1.291052;0.7114482
42445950;40.7636;-73.97141;-1.291045;0.711459
42445953;40.76422;-73.97095;-1.291037;0.7114699
42445961;40.76546;-73.97004;-1.291021;0.7114916
42445972;40.76735;-73.96867;-1.290997;0.7115244
42445976;40.76797;-73.96822;-1.290989;0.7115353
42445994;40.76984;-73.96685;-1.290965;0.711568
42446013;40.77437;-73.96355;-1.290907;0.711647
42446016;40.77501;-73.96309;-1.290899;0.7116581
42446021;40.77633;-73.96215;-1.290883;0.7116811
42446026;40.77763;-73.96117;-1.290866;0.711704
42446031;40.77891;-73.96024;-1.29085;0.7117262
42446353;40.75979;-73.97629;-1.29113;0.7113925
42446363;40.76591;-73.99089;-1.291385;0.7114995
42446386;40.76804;-73.99596;-1.291473;0.7115366
42446461;40.77427;-73.96133;-1.290869;0.7116452
42446466;40.77364;-73.95985;-1.290843;0.7116343
42446472;40.77297;-73.95825;-1.290815;0.7116225
42446998;40.759;-73.97054;-1.291029;0.7113788
42447007;40.76163;-73.96864;-1.290996;0.7114246
42447009;40.76223;-73.96818;-1.290988;0.7114352
42447020;40.76287;-73.96771;-1.29098;0.7114463
42447030;40.76411;-73.96681;-1.290964;0.7114679
42447060;40.76598;-73.96545;-1.290941;0.7115006
42447069;40.76661;-73.96499;-1.290933;0.7115116
42447076;40.76849;-73.96362;-1.290909;0.7115443
42447084;40.77301;-73.96032;-1.290851;0.7116234
42447105;40.77497;-73.95889;-1.290826;0.7116575
42447115;40.77627;-73.95794;-1.29081;0.7116802
42447126;40.77755;-73.95701;-1.290793;0.7117025
42447132;40.77881;-73.95609;-1.290777;0.7117245
42447228;40.76865;-73.96983;-1.291017;0.7115471
42447230;40.76724;-73.96648;-1.290959;0.7115226
42447235;40.76593;-73.96339;-1.290905;0.7114998
42447237;40.76399;-73.95878;-1.290824;0.7114658
42448216;40.77817;-73.95849;-1.290819;0.7117133
42448238;40.77687;-73.95541;-1.290765;0.7116907
42448317;40.76288;-73.96968;-1.291014;0.7114465
42448326;40.75962;-73.96196;-1.29088;0.7113896
42448338;40.76027;-73.9716;-1.291048;0.7114009
42448729;40.78393;-73.95428;-1.290746;0.7118138
42448735;40.78263;-73.9512;-1.290692;0.7117911
42448811;40.75589;-73.97478;-1.291104;0.7113244
42449007;40.78588;-73.94883;-1.290651;0.7118479
42449422;40.79541;-73.94187;-1.290529;0.7120143
42449550;40.76655;-73.99043;-1.291377;0.7115105
42449707;40.76841;-73.98199;-1.291229;0.711543
42449971;40.76095;-73.96703;-1.290968;0.7114128
42449979;40.76218;-73.96612;-1.290952;0.7114343
42449982;40.76343;-73.96522;-1.290937;0.7114561
42449985;40.76531;-73.96384;-1.290913;0.7114888
42449991;40.76781;-73.96202;-1.290881;0.7115325
42450009;40.77234;-73.95871;-1.290823;0.7116116
42450015;40.77429;-73.95729;-1.290798;0.7116456
42450025;40.77559;-73.95634;-1.290782;0.7116684
42450028;40.77814;-73.95448;-1.290749;0.7117128
42450030;40.7795;-73.95349;-1.290732;0.7117364
42450035;40.78201;-73.95166;-1.2907;0.7117803
42450037;40.78326;-73.95074;-1.290684;0.7118022
42450044;40.78519;-73.94933;-1.290659;0.7118359
42450048;40.7865;-73.94838;-1.290643;0.7118587
42450052;40.78775;-73.94746;-1.290627;0.7118806
42450055;40.79089;-73.94517;-1.290587;0.7119354
42450057;40.79157;-73.94467;-1.290578;0.7119473
42450061;40.7935;-73.94327;-1.290553;0.7119809
42450066;40.79478;-73.94234;-1.290537;0.7120032
42450071;40.79794;-73.94003;-1.290497;0.7120584
42450341;40.76977;-73.98808;-1.291336;0.7115667
42450426;40.76104;-73.97537;-1.291114;0.7114143
42450434;40.76718;-73.98996;-1.291368;0.7115216
42451332;40.76022;-73.95763;-1.290804;0.7114001
42452365;40.7628;-73.99316;-1.291424;0.7114451
42452812;40.78456;-73.95382;-1.290738;0.711825
42452875;40.75839;-73.97297;-1.291072;0.7113681
42452954;40.77689;-73.95942;-1.290835;0.7116911
42453564;40.76743;-73.99643;-1.291481;0.7115259
42453679;40.76505;-73.97283;-1.29107;0.7114843
42454042;40.76531;-73.99133;-1.291392;0.7114888
42454046;40.76556;-73.99192;-1.291403;0.7114932
42454192;40.7808;-73.95657;-1.290786;0.7117592
42454433;40.7603;-73.99498;-1.291456;0.7114015
42454691;40.77364;-73.96179;-1.290877;0.7116342
42455113;40.76349;-73.96922;-1.291006;0.7114571
42455119;40.76024;-73.96151;-1.290872;0.7114004
42455643;40.76912;-73.98856;-1.291344;0.7115554
42455662;40.76802;-73.97028;-1.291025;0.7115362
42455666;40.76662;-73.96695;-1.290967;0.7115117
42455675;40.76337;-73.95924;-1.290832;0.711455
42455693;40.77052;-73.96844;-1.290993;0.7115797
42455694;40.76912;-73.96512;-1.290935;0.7115554
42455695;40.76587;-73.95741;-1.2908;0.7114986
42455751;40.75898;-73.99594;-1.291473;0.7113784
42455761;40.76218;-73.99361;-1.291432;0.7114343
42456049;40.76149;-73.96059;-1.290856;0.7114222
42456578;40.78331;-73.95474;-1.290754;0.711803
42456598;40.76225;-73.97015;-1.291023;0.7114355
42456611;40.75964;-73.97206;-1.291056;0.7113899
42456683;40.76614;-73.97165;-1.291049;0.7115034
42457660;40.7865;-73.95242;-1.290713;0.7118586
42457788;40.76885;-73.97225;-1.291059;0.7115507
42458766;40.77943;-73.95757;-1.290803;0.7117354
42459098;40.75713;-73.97388;-1.291088;0.7113461
42459114;40.76474;-73.96832;-1.290991;0.711479
42459137;40.77557;-73.96038;-1.290852;0.711668
61275380;40.76993;-73.99453;-1.291448;0.7115695
61275600;40.76797;-73.99577;-1.29147;0.7115353
61275601;40.76735;-73.99623;-1.291478;0.7115244
62915516;40.76549;-73.9976;-1.291502;0.7114921
62915521;40.76674;-73.99667;-1.291485;0.7115138
62915536;40.76612;-73.99715;-1.291494;0.711503
73787300;40.76735;-73.97642;-1.291132;0.7115244
73787302;40.76816;-73.97587;-1.291122;0.7115387
73787718;40.76703;-73.97691;-1.291141;0.7115189
73787722;40.76651;-73.97693;-1.291141;0.7115099
73787723;40.7663;-73.9767;-1.291137;0.7115062
73787724;40.76611;-73.97633;-1.291131;0.7115028
73787726;40.76591;-73.97619;-1.291128;0.7114994
100522728;40.75526;-73.97524;-1.291112;0.7113135
100522741;40.75463;-73.9757;-1.29112;0.7113026
247120348;40.77003;-73.99493;-1.291455;0.7115713
247123611;40.76987;-73.99435;-1.291445;0.7115684
247220907;40.76775;-73.97609;-1.291126;0.7115314
247220908;40.76892;-73.9754;-1.291114;0.7115518
247220909;40.76941;-73.97501;-1.291107;0.7115605
247220910;40.76991;-73.97411;-1.291092;0.7115692
247221412;40.7696;-73.97198;-1.291055;0.7115638
247221413;40.77071;-73.97092;-1.291036;0.7115831
247221414;40.77095;-73.97068;-1.291032;0.7115873
247221415;40.77187;-73.96927;-1.291007;0.7116033
247221417;40.77323;-73.96888;-1.291;0.7116271
247221963;40.77081;-73.97847;-1.291168;0.7115849
247221965;40.76968;-73.97968;-1.291189;0.7115652
247221966;40.76915;-73.97997;-1.291194;0.7115559
247221967;40.76829;-73.97953;-1.291186;0.7115409
247222680;40.7717;-73.9787;-1.291172;0.7116004
247222681;40.77133;-73.97708;-1.291144;0.7115939
247223718;40.77172;-73.97854;-1.291169;0.7116008
247223719;40.77179;-73.97823;-1.291164;0.7116019
247223720;40.77171;-73.97766;-1.291154;0.7116005
247224174;40.77195;-73.97704;-1.291143;0.7116048
247224176;40.77407;-73.97591;-1.291123;0.7116417
247224177;40.77424;-73.97577;-1.291121;0.7116448
247226692;40.76753;-73.97863;-1.291171;0.7115276
247226693;40.76741;-73.97866;-1.291171;0.7115255
248709819;40.76878;-73.97152;-1.291047;0.7115495
248709820;40.76881;-73.97079;-1.291034;0.7115501
248709821;40.7688;-73.97028;-1.291025;0.7115497
276032821;40.75954;-73.96056;-1.290855;0.7113882
371034144;40.75989;-73.96179;-1.290877;0.7113943
371034148;40.76057;-73.96312;-1.2909;0.7114062
371034152;40.76004;-73.96188;-1.290878;0.7113968
371034153;40.76012;-73.96368;-1.29091;0.7113984
371034155;40.76009;-73.96159;-1.290873;0.7113977
371034158;40.7601;-73.96183;-1.290877;0.7113979
371034162;40.76181;-73.96219;-1.290884;0.7114277
371036301;40.76048;-73.96247;-1.290889;0.7114046
371036302;40.7608;-73.96271;-1.290893;0.7114102
371036520;40.76061;-73.96261;-1.290891;0.7114069
371036766;40.75967;-73.96082;-1.29086;0.7113904
371036767;40.75993;-73.96127;-1.290868;0.711395
371037071;40.76045;-73.96345;-1.290906;0.7114041
371037073;40.7605;-73.96326;-1.290902;0.711405
371037076;40.75968;-73.96117;-1.290866;0.7113906
371037077;40.75948;-73.96061;-1.290856;0.7113872
371037237;40.7607;-73.96394;-1.290914;0.7114084
371037238;40.76065;-73.96342;-1.290905;0.7114075
371037239;40.7606;-73.96323;-1.290902;0.7114068
371037281;40.76004;-73.96292;-1.290897;0.7113968
371037404;40.76012;-73.96307;-1.290899;0.7113984
371037405;40.76016;-73.96312;-1.2909;0.711399
371037406;40.76034;-73.96303;-1.290898;0.7114021
371037407;40.76027;-73.96258;-1.29089;0.711401
371037408;40.75999;-73.96191;-1.290879;0.7113961
371037938;40.76078;-73.96292;-1.290897;0.7114097
371037940;40.76058;-73.96278;-1.290894;0.7114063
373268478;40.77246;-73.96893;-1.291001;0.7116137
422438779;40.76954;-73.97217;-1.291058;0.7115626
422438817;40.7688;-73.97105;-1.291038;0.7115498
422438819;40.76849;-73.97122;-1.291041;0.7115445
422438821;40.76831;-73.97087;-1.291035;0.7115412
432736824;40.7729;-73.98579;-1.291296;0.7116214
432736825;40.77238;-73.9884;-1.291341;0.7116123
561949937;40.769;-73.97999;-1.291194;0.7115534
561949968;40.76989;-73.97424;-1.291094;0.7115689
561949979;40.76884;-73.97293;-1.291071;0.7115505
561949997;40.76969;-73.97311;-1.291074;0.7115653
561950063;40.77149;-73.97748;-1.291151;0.7115968
561950065;40.7716;-73.97735;-1.291148;0.7115987
561950077;40.77183;-73.97713;-1.291144;0.7116027
561950429;40.77142;-73.96986;-1.291018;0.7115954
561950457;40.77229;-73.96901;-1.291003;0.7116106
582992247;40.76753;-73.97623;-1.291129;0.7115276
589298803;40.76272;-73.96157;-1.290873;0.7114437
591998760;40.7637;-73.96391;-1.290914;0.7114608
592643512;40.75148;-73.94184;-1.290529;0.7112476
593215564;40.76015;-73.9618;-1.290877;0.7113988
593215600;40.75977;-73.96095;-1.290862;0.7113922
593215654;40.76019;-73.96177;-1.290876;0.7113995
593215658;40.76059;-73.9627;-1.290893;0.7114064
593215662;40.76072;-73.96285;-1.290895;0.7114087
593215667;40.76071;-73.96276;-1.290894;0.7114086
593216100;40.75353;-73.94655;-1.290611;0.7112833
593216112;40.75521;-73.95041;-1.290678;0.7113127
593216116;40.75798;-73.95673;-1.290789;0.7113609
593216120;40.7596;-73.96054;-1.290855;0.7113892
593300940;40.76144;-73.96243;-1.290888;0.7114213
593301067;40.76035;-73.96294;-1.290897;0.7114024
593301178;40.76066;-73.96416;-1.290918;0.7114078
593301190;40.76103;-73.96373;-1.290911;0.7114142
593921849;40.76377;-73.99353;-1.291431;0.7114621
593921858;40.76242;-73.99417;-1.291442;0.7114385
593921860;40.76305;-73.99374;-1.291434;0.7114494
595269406;40.76634;-73.99191;-1.291402;0.7115069
595269410;40.76623;-73.99163;-1.291398;0.7115049
595269418;40.76568;-73.99222;-1.291408;0.7114954
595269440;40.76505;-73.99264;-1.291415;0.7114843
595269520;40.76693;-73.99133;-1.291392;0.7115172
595269522;40.76703;-73.99158;-1.291397;0.7115189
595371388;40.77172;-73.97899;-1.291177;0.7116007
595371399;40.7718;-73.97803;-1.29116;0.7116022
595703341;40.77454;-73.97546;-1.291115;0.7116499
595703383;40.76894;-73.9729;-1.291071;0.7115523
595703385;40.7698;-73.97449;-1.291098;0.7115673
595703448;40.7691;-73.97313;-1.291075;0.711555
595703452;40.76898;-73.97268;-1.291067;0.7115529
596775876;40.75785;-73.97363;-1.291083;0.7113587
596775892;40.76358;-73.96944;-1.29101;0.7114587
596775900;40.75911;-73.97272;-1.291067;0.7113806
596775907;40.76036;-73.97181;-1.291052;0.7114024
596775914;40.75848;-73.97318;-1.291075;0.7113696
596775919;40.75973;-73.97227;-1.29106;0.7113914
596775930;40.76421;-73.96899;-1.291002;0.7114698
596775935;40.76166;-73.97086;-1.291035;0.7114251
596775941;40.76234;-73.97036;-1.291026;0.7114371
596775946;40.76297;-73.9699;-1.291018;0.711448
596775951;40.76099;-73.97135;-1.291044;0.7114135
596775963;40.76609;-73.96764;-1.290979;0.7115025
596775973;40.76797;-73.96626;-1.290955;0.7115354
596775979;40.76734;-73.96671;-1.290963;0.7115242
596775985;40.76484;-73.96854;-1.290995;0.7114806
596775998;40.76547;-73.96809;-1.290987;0.7114916
596776009;40.76985;-73.96489;-1.290931;0.7115682
596776017;40.7686;-73.96581;-1.290947;0.7115462
596776021;40.77047;-73.96444;-1.290923;0.7115789
596776027;40.76922;-73.96535;-1.290939;0.7115571
596776032;40.76672;-73.96718;-1.290971;0.7115134
596776041;40.77374;-73.96203;-1.290881;0.7116359
596776046;40.7731;-73.96249;-1.290889;0.7116248
596776052;40.77436;-73.96157;-1.290873;0.7116469
596776057;40.77114;-73.96391;-1.290914;0.7115907
596776063;40.77182;-73.96342;-1.290905;0.7116026
596776074;40.77827;-73.95873;-1.290823;0.7117151
596776078;40.77499;-73.96112;-1.290865;0.7116578
596776083;40.77636;-73.96012;-1.290848;0.7116818
596776089;40.77568;-73.96062;-1.290856;0.7116698
596776095;40.777;-73.95966;-1.29084;0.7116929
596776103;40.78152;-73.95636;-1.290782;0.7117719
596776115;40.7809;-73.95682;-1.29079;0.711761
596776120;40.77891;-73.95827;-1.290815;0.7117262
596776127;40.77764;-73.95919;-1.290831;0.711704
596776132;40.77954;-73.95781;-1.290807;0.7117372
596776144;40.78467;-73.95407;-1.290742;0.7118268
596776150;40.78216;-73.9559;-1.290774;0.7117829
596776156;40.78278;-73.95544;-1.290766;0.7117938
596776163;40.78341;-73.95499;-1.290758;0.7118047
596776164;40.78024;-73.95731;-1.290799;0.7117494
596776167;40.78591;-73.95317;-1.290726;0.7118484
596776173;40.78529;-73.95362;-1.290734;0.7118376
596776177;40.78403;-73.95454;-1.29075;0.7118157
596776260;40.7866;-73.95267;-1.290717;0.7118605
596788016;40.77246;-73.96296;-1.290897;0.7116136
805764995;40.75963;-73.97785;-1.291157;0.7113898
805764998;40.75973;-73.97809;-1.291161;0.7113915
1061531429;40.76889;-73.98199;-1.291229;0.7115514
1061531447;40.77135;-73.98205;-1.29123;0.7115944
1061531509;40.77052;-73.98204;-1.29123;0.7115797
1061531685;40.77218;-73.98206;-1.29123;0.7116088
1061531777;40.76967;-73.98199;-1.291229;0.711565
1071832216;40.76584;-73.97266;-1.291067;0.7114981
1071832218;40.76614;-73.97254;-1.291064;0.7115033
1071832221;40.76863;-73.97156;-1.291047;0.7115469
1071832224;40.76879;-73.97171;-1.29105;0.7115496
1071832232;40.7681;-73.97314;-1.291075;0.7115376
1071832234;40.76699;-73.97295;-1.291071;0.7115182
1150587394;40.77251;-73.97267;-1.291067;0.7116146
1150587396;40.77112;-73.97356;-1.291082;0.7115902
1150587399;40.7714;-73.97341;-1.29108;0.7115952
1150587409;40.77234;-73.97279;-1.291069;0.7116116
1150587413;40.7718;-73.97319;-1.291076;0.7116022
1210383509;40.77225;-73.97285;-1.29107;0.71161
1241742563;40.77109;-73.98341;-1.291254;0.7115897
1241742627;40.76984;-73.98432;-1.29127;0.7115679
1241742743;40.77103;-73.98716;-1.291319;0.7115888
1241742749;40.77007;-73.98415;-1.291267;0.7115719
1241760156;40.77158;-73.98457;-1.291274;0.7115984
1241760158;40.77195;-73.98432;-1.29127;0.7116047
1241760163;40.77199;-73.98443;-1.291272;0.7116055
1241760168;40.77163;-73.98468;-1.291276;0.7115992
1251382508;40.76456;-73.97281;-1.291069;0.7114758
1251382527;40.76432;-73.97382;-1.291087;0.7114716
1283225008;40.76553;-73.97289;-1.29107;0.7114928
1283225030;40.76723;-73.97742;-1.291149;0.7115223
1283225033;40.76702;-73.97897;-1.291177;0.7115187
1283225090;40.76952;-73.97224;-1.291059;0.7115624
1283225114;40.76603;-73.97256;-1.291065;0.7115015
1283225181;40.76624;-73.97254;-1.291064;0.7115051
1283225231;40.76692;-73.97918;-1.29118;0.711517
1283225237;40.76568;-73.97277;-1.291068;0.7114953
1283225243;40.76767;-73.97614;-1.291127;0.71153
1283225249;40.76743;-73.97631;-1.29113;0.7115259
1283225261;40.76582;-73.9762;-1.291128;0.7114977
1283225262;40.76503;-73.97327;-1.291077;0.711484
1283225267;40.7666;-73.97699;-1.291142;0.7115114
1283225327;40.76765;-73.97855;-1.291169;0.7115298
1420631978;40.77041;-73.97898;-1.291177;0.7115779
1420632012;40.77235;-73.97859;-1.29117;0.7116118
1420632024;40.77174;-73.97841;-1.291167;0.7116011
1420632047;40.7717;-73.97887;-1.291175;0.7116004
1420632698;40.77078;-73.97993;-1.291193;0.7115843
1420632727;40.7689;-73.97996;-1.291194;0.7115515
1420632746;40.76918;-73.97995;-1.291194;0.7115565
1420632765;40.76973;-73.97459;-1.2911;0.711566
1420632787;40.77069;-73.97359;-1.291083;0.7115828
1420632788;40.77058;-73.97358;-1.291083;0.7115809
1420632789;40.77045;-73.97358;-1.291083;0.7115786
1420634177;40.76949;-73.97411;-1.291092;0.7115618
1420634187;40.76929;-73.97369;-1.291084;0.7115583
1420634201;40.7706;-73.97358;-1.291083;0.7115811
1492283427;40.7669;-73.977;-1.291142;0.7115166
1492283428;40.76712;-73.97682;-1.291139;0.7115206
1492283429;40.76718;-73.97688;-1.29114;0.7115216
1492283430;40.76719;-73.97705;-1.291143;0.7115216
1659428956;40.76764;-73.97866;-1.291171;0.7115296
1695371036;40.76854;-73.98196;-1.291229;0.7115452
1695371037;40.76865;-73.98199;-1.291229;0.7115471
1695371049;40.76854;-73.98155;-1.291222;0.7115452
1695371082;40.76856;-73.98197;-1.291229;0.7115456
1701281780;40.76023;-73.96314;-1.2909;0.7114003
1701281781;40.76028;-73.96313;-1.2909;0.7114012
1701281782;40.76049;-73.96336;-1.290904;0.7114047
1701856467;40.7674;-73.98167;-1.291224;0.7115253
1701856471;40.76743;-73.98166;-1.291224;0.7115259
1701856476;40.76753;-73.98167;-1.291224;0.7115276
1733614298;40.77666;-73.98306;-1.291248;0.7116869
1740700804;40.76684;-73.97898;-1.291177;0.7115155
1740700807;40.76703;-73.97945;-1.291185;0.7115189
1745856010;40.76079;-73.97868;-1.291172;0.71141
1745856081;40.76143;-73.97823;-1.291164;0.7114211
1745991212;40.76004;-73.9827;-1.291242;0.7113969
1745991214;40.76068;-73.98225;-1.291234;0.711408
1758380526;40.76036;-73.98541;-1.291289;0.7114025
1758380528;40.76099;-73.98495;-1.291281;0.7114135
1762449346;40.76091;-73.98501;-1.291282;0.7114121
1762449347;40.76043;-73.98536;-1.291288;0.7114037
1775171884;40.79598;-73.94145;-1.290522;0.7120242
1775176473;40.761;-73.96406;-1.290916;0.7114136
1775176474;40.76063;-73.96307;-1.290899;0.7114072
1775176485;40.76079;-73.96412;-1.290917;0.7114099
1775176487;40.76089;-73.96413;-1.290918;0.7114118
1775176488;40.76084;-73.96351;-1.290907;0.7114108
1775181592;40.76091;-73.96345;-1.290906;0.7114121
1775181597;40.76094;-73.96272;-1.290893;0.7114125
1775201764;40.76081;-73.9629;-1.290896;0.7114104
1775207752;40.76071;-73.96402;-1.290916;0.7114086
1792535213;40.76749;-73.98167;-1.291224;0.7115269
1792535217;40.76626;-73.98178;-1.291226;0.7115054
1792535218;40.76774;-73.98122;-1.291216;0.7115313
1792535224;40.76772;-73.98113;-1.291214;0.711531
1792535228;40.76781;-73.98123;-1.291216;0.7115326
1792535230;40.76542;-73.98191;-1.291228;0.7114908
1792535233;40.76774;-73.98129;-1.291217;0.7115313
1792535234;40.76779;-73.9812;-1.291216;0.7115322
1792535236;40.76777;-73.98117;-1.291215;0.7115319
1792549660;40.76761;-73.98223;-1.291234;0.7115291
1792549666;40.7686;-73.98199;-1.291229;0.7115462
1792549686;40.76848;-73.98156;-1.291222;0.7115443
1792549689;40.76759;-73.98226;-1.291234;0.7115286
1814471103;40.76438;-73.97943;-1.291185;0.7114727
1815133244;40.76537;-73.98757;-1.291327;0.7114899
1825803850;40.76849;-73.98219;-1.291233;0.7115445
1825841646;40.76829;-73.98152;-1.291221;0.7115409
1825841647;40.76815;-73.98142;-1.291219;0.7115384
1825841648;40.76836;-73.98163;-1.291223;0.7115421
1825841649;40.76803;-73.98238;-1.291236;0.7115363
1825841650;40.76793;-73.98235;-1.291236;0.7115347
1825841651;40.76799;-73.98141;-1.291219;0.7115358
1825841652;40.76819;-73.98145;-1.29122;0.7115391
1825841653;40.76768;-73.98209;-1.291231;0.7115302
1825841654;40.76807;-73.98141;-1.291219;0.7115371
1825841655;40.76828;-73.98228;-1.291234;0.7115406
1825841667;40.76844;-73.98182;-1.291226;0.7115434
1825841669;40.76788;-73.98131;-1.291217;0.7115338
1825841670;40.76785;-73.98127;-1.291217;0.7115332
1825841673;40.76773;-73.98166;-1.291224;0.711531
1825841675;40.76841;-73.98183;-1.291227;0.711543
1825841678;40.76779;-73.98154;-1.291221;0.7115322
1825841679;40.76789;-73.98233;-1.291235;0.7115339
1825841680;40.76777;-73.98158;-1.291222;0.7115318
1825841681;40.76776;-73.9822;-1.291233;0.7115316
1825841682;40.76831;-73.98155;-1.291222;0.7115413
1825841683;40.76775;-73.98149;-1.291221;0.7115315
1825841684;40.76772;-73.98212;-1.291232;0.711531
1825841685;40.76765;-73.98178;-1.291226;0.7115297
1825841686;40.76834;-73.98159;-1.291222;0.7115417
1825841687;40.76822;-73.98147;-1.29122;0.7115397
1825841688;40.76785;-73.98148;-1.29122;0.7115332
1825841689;40.76764;-73.98175;-1.291225;0.7115295
1825841690;40.76839;-73.98154;-1.291221;0.7115427
1825841691;40.76762;-73.98173;-1.291225;0.7115292
1825841692;40.76796;-73.98136;-1.291218;0.7115351
1825841693;40.7677;-73.98174;-1.291225;0.7115305
1825841694;40.76842;-73.98187;-1.291227;0.7115431
1825841695;40.76841;-73.9818;-1.291226;0.711543
1825841696;40.76767;-73.98183;-1.291227;0.7115301
1825841697;40.76839;-73.98207;-1.291231;0.7115427
1825841699;40.76841;-73.98195;-1.291229;0.711543
1825841700;40.76769;-73.98199;-1.291229;0.7115304
1825841701;40.76821;-73.98233;-1.291235;0.7115395
1825841702;40.76843;-73.98219;-1.291233;0.7115433
1825841703;40.76765;-73.98215;-1.291232;0.7115298
1825841704;40.76774;-73.98216;-1.291232;0.7115313
1825841705;40.76834;-73.98152;-1.291221;0.7115418
1825841706;40.76775;-73.98132;-1.291218;0.7115315
1825841708;40.76785;-73.9823;-1.291235;0.7115332
1825841709;40.76768;-73.98192;-1.291228;0.7115303
1825841710;40.76775;-73.98136;-1.291218;0.7115315
1825841711;40.76775;-73.98142;-1.291219;0.7115315
1825841712;40.76831;-73.98151;-1.291221;0.7115413
1825841713;40.76817;-73.98235;-1.291236;0.7115388
1825841714;40.76764;-73.98219;-1.291233;0.7115295
1825841715;40.7684;-73.98203;-1.29123;0.7115428
1825841716;40.76836;-73.98221;-1.291233;0.7115422
1825841717;40.76839;-73.98172;-1.291225;0.7115427
1825841721;40.76768;-73.98196;-1.291229;0.7115303
1825841722;40.76798;-73.98237;-1.291236;0.7115355
1825841724;40.76812;-73.98237;-1.291236;0.711538
1825841725;40.76843;-73.98155;-1.291222;0.7115433
1825841726;40.76778;-73.98223;-1.291234;0.7115321
1825841728;40.76846;-73.98219;-1.291233;0.7115439
1825841729;40.76769;-73.98179;-1.291226;0.7115304
1825841730;40.76782;-73.98151;-1.291221;0.7115327
1825841731;40.76842;-73.98191;-1.291228;0.7115431
1825841732;40.76834;-73.98219;-1.291233;0.7115418
1825841733;40.76839;-73.9822;-1.291233;0.7115427
1825841734;40.76838;-73.98167;-1.291224;0.7115424
1825841735;40.76771;-73.98209;-1.291231;0.7115307
1825841736;40.76768;-73.98183;-1.291227;0.7115303
1825841737;40.7677;-73.98204;-1.29123;0.7115305
1825841738;40.76775;-73.98155;-1.291222;0.7115314
1825841739;40.76788;-73.98146;-1.29122;0.7115338
1825841741;40.7683;-73.98225;-1.291234;0.7115411
1825841742;40.7684;-73.98177;-1.291225;0.7115428
1825841743;40.76768;-73.98188;-1.291227;0.7115303
1825841744;40.76799;-73.98138;-1.291219;0.7115358
1825841745;40.76792;-73.98144;-1.29122;0.7115344
1825841746;40.76838;-73.98211;-1.291231;0.7115424
1825841747;40.76793;-73.98135;-1.291218;0.7115347
1825841748;40.76811;-73.98141;-1.291219;0.7115378
1825841749;40.76771;-73.9817;-1.291224;0.7115307
1825841751;40.76807;-73.98238;-1.291236;0.7115371
1825841752;40.76828;-73.9815;-1.291221;0.7115406
1825841753;40.76836;-73.98215;-1.291232;0.7115421
1825841754;40.76832;-73.98222;-1.291233;0.7115414
1825841755;40.76796;-73.98142;-1.291219;0.711535
1825841756;40.76834;-73.98222;-1.291233;0.7115417
1828749423;40.76377;-73.97991;-1.291193;0.711462
1828749425;40.76313;-73.98033;-1.2912;0.7114509
1828749426;40.76185;-73.9812;-1.291216;0.7114285
1828749427;40.76248;-73.98074;-1.291208;0.7114394
1828749428;40.76125;-73.98166;-1.291224;0.711418
2059303808;40.7705;-73.97887;-1.291175;0.7115794
2059303809;40.77073;-73.97858;-1.29117;0.7115836
2059303810;40.77098;-73.97825;-1.291164;0.7115878
2059303811;40.77122;-73.97356;-1.291082;0.711592
2059303812;40.77161;-73.96953;-1.291012;0.7115989
2059303813;40.77161;-73.9733;-1.291078;0.7115989
2059303814;40.77169;-73.96943;-1.29101;0.7116002
2059303815;40.77175;-73.96936;-1.291009;0.7116013
2059303816;40.77195;-73.9692;-1.291006;0.7116048
2059303818;40.77253;-73.96889;-1.291001;0.7116149
2059303819;40.77259;-73.96887;-1.291;0.7116159
2059303820;40.77267;-73.96885;-1.291;0.7116174
2059303823;40.77274;-73.96883;-1.291;0.7116185
2059303828;40.77288;-73.97252;-1.291064;0.7116211
2059303831;40.77291;-73.96882;-1.290999;0.7116215
2059303834;40.773;-73.96883;-1.291;0.7116231
2059303835;40.77302;-73.97251;-1.291064;0.7116235
2059303836;40.77308;-73.97251;-1.291064;0.7116244
2059303837;40.77308;-73.96883;-1.291;0.7116246
2059303839;40.77312;-73.96884;-1.291;0.7116253
2059303840;40.77314;-73.97252;-1.291064;0.7116255
2059303841;40.7732;-73.97254;-1.291064;0.7116266
2059303842;40.7733;-73.97259;-1.291065;0.7116284
2061592973;40.77223;-73.99001;-1.291369;0.7116096
2089938149;40.75946;-73.96062;-1.290856;0.7113867
2089938150;40.7607;-73.96266;-1.290892;0.7114084
2089938151;40.76074;-73.96407;-1.290917;0.7114092
2089938154;40.76098;-73.96386;-1.290913;0.7114133
2089938155;40.76101;-73.96393;-1.290914;0.7114137
2165157806;40.76125;-73.96776;-1.290981;0.7114181
2165157809;40.76188;-73.96732;-1.290973;0.7114289
2216963378;40.76597;-73.9762;-1.291128;0.7115005
2216963381;40.76603;-73.97623;-1.291129;0.7115014
2216963391;40.76642;-73.97684;-1.291139;0.7115083
2216963392;40.76635;-73.97256;-1.291065;0.711507
2216963432;40.76677;-73.97282;-1.291069;0.7115143
2216963458;40.76682;-73.97701;-1.291142;0.7115151
2216963462;40.76697;-73.97696;-1.291142;0.7115179
2216963498;40.76728;-73.97305;-1.291073;0.7115233
2216963516;40.76781;-73.97313;-1.291075;0.7115325
2216963550;40.76834;-73.97309;-1.291074;0.7115417
2216963564;40.76841;-73.97964;-1.291188;0.7115429
2216963569;40.76853;-73.97975;-1.29119;0.7115451
2216963574;40.76855;-73.97304;-1.291073;0.7115453
2216963578;40.76865;-73.97984;-1.291192;0.7115472
2216963583;40.76877;-73.97016;-1.291023;0.7115492
2216963586;40.76881;-73.97041;-1.291027;0.71155
2216963589;40.76882;-73.97055;-1.29103;0.7115501
2216963610;40.76929;-73.97268;-1.291067;0.7115584
2216963612;40.76938;-73.97256;-1.291065;0.71156
2216963613;40.7695;-73.9798;-1.291191;0.711562
2216963614;40.76951;-73.97256;-1.291065;0.7115622
2216963616;40.76954;-73.97271;-1.291067;0.7115627
2216963618;40.76963;-73.97298;-1.291072;0.7115643
2216963620;40.76983;-73.97343;-1.29108;0.7115678
2216963621;40.76992;-73.97386;-1.291087;0.7115694
2216963622;40.76992;-73.974;-1.29109;0.7115694
2216963637;40.7717;-73.97878;-1.291173;0.7116004
2238282059;40.77885;-73.96028;-1.29085;0.7117252
2238282070;40.77896;-73.9602;-1.290849;0.7117271
2238282222;40.77948;-73.95982;-1.290842;0.7117363
2348991701;40.76527;-73.98539;-1.291289;0.7114882
2349482107;40.76788;-73.98563;-1.291293;0.7115337
2351532361;40.7622;-73.98978;-1.291365;0.7114345
2351532363;40.76532;-73.98748;-1.291325;0.7114891
2351532367;40.76408;-73.9884;-1.291341;0.7114673
2351532369;40.76345;-73.98886;-1.291349;0.7114565
2351532371;40.76157;-73.99023;-1.291373;0.7114235
2351532373;40.76282;-73.9893;-1.291357;0.7114455
2351532375;40.76095;-73.99067;-1.291381;0.7114128
2351532377;40.76657;-73.98656;-1.291309;0.7115109
2351532384;40.7672;-73.98611;-1.291301;0.7115219
2351534216;40.76855;-73.98516;-1.291285;0.7115455
2435108434;40.75875;-73.98547;-1.29129;0.7113744
2435108435;40.75948;-73.98504;-1.291283;0.711387
2435108436;40.76016;-73.98494;-1.291281;0.711399
2435108438;40.76054;-73.98365;-1.291258;0.7114056
2435108444;40.76072;-73.98449;-1.291273;0.7114087
2435108447;40.76139;-73.98396;-1.291264;0.7114205
2435108449;40.76074;-73.98436;-1.291271;0.7114091
2435108450;40.75864;-73.98521;-1.291286;0.7113725
2435108451;40.75973;-73.98797;-1.291334;0.7113915
2435108453;40.76149;-73.98401;-1.291265;0.7114222
2435108454;40.76085;-73.98442;-1.291272;0.7114109
2435108455;40.76137;-73.98409;-1.291266;0.7114201
2435108457;40.75985;-73.98788;-1.291332;0.7113935
2435108458;40.7604;-73.98376;-1.29126;0.7114031
2435108459;40.76004;-73.98483;-1.291279;0.7113968
2435108460;40.76017;-73.98477;-1.291278;0.7113993
2435108461;40.75946;-73.98521;-1.291286;0.7113867
2435108462;40.76149;-73.98418;-1.291268;0.7114221
2639531766;40.7595;-73.98725;-1.291321;0.7113875
2639531768;40.75951;-73.98814;-1.291337;0.7113876
2653473644;40.76519;-73.98137;-1.291219;0.7114868
2653473655;40.76588;-73.98087;-1.29121;0.7114988
2653531887;40.76825;-73.9823;-1.291235;0.7115402
2682336471;40.76217;-73.98775;-1.29133;0.711434
2682336481;40.76231;-73.98809;-1.291336;0.7114365
2682336531;40.76279;-73.98728;-1.291322;0.7114449
2682336534;40.76294;-73.98763;-1.291328;0.7114474
2698702581;40.76726;-73.98416;-1.291267;0.7115229
2698702583;40.76657;-73.98465;-1.291276;0.7115108
2709968341;40.76471;-73.98793;-1.291333;0.7114784
2710204020;40.76992;-73.98451;-1.291273;0.7115694
2710204291;40.77161;-73.98673;-1.291312;0.7115989
2710239362;40.7701;-73.99297;-1.291421;0.7115724
2723627039;40.76286;-73.9797;-1.291189;0.7114461
2723627045;40.76349;-73.97925;-1.291181;0.7114571
2782279859;40.76105;-73.98315;-1.29125;0.7114146
2782279879;40.76116;-73.9834;-1.291254;0.7114164
2792781447;40.7649;-73.97045;-1.291028;0.7114818
2792781448;40.76542;-73.96994;-1.291019;0.7114909
2792781449;40.76552;-73.97017;-1.291023;0.7114925
2792781450;40.76605;-73.96949;-1.291011;0.7115018
2792781451;40.7648;-73.9704;-1.291027;0.71148
2792781452;40.76488;-73.96864;-1.290996;0.7114813
2792781454;40.76603;-73.96963;-1.291014;0.7115015
2792781456;40.76614;-73.9697;-1.291015;0.7115033
2792781459;40.76615;-73.96954;-1.291012;0.7115036
2792781461;40.76541;-73.97009;-1.291022;0.7114906
2792781462;40.76489;-73.97062;-1.291031;0.7114816
2792783180;40.76678;-73.96909;-1.291004;0.7115145
2792783181;40.76731;-73.96857;-1.290995;0.7115237
2792783182;40.76666;-73.96917;-1.291006;0.7115124
2792783183;40.76741;-73.96863;-1.290996;0.7115255
2792783184;40.76728;-73.96871;-1.290998;0.7115234
2792783185;40.76668;-73.96903;-1.291003;0.7115127
2792783186;40.7674;-73.9688;-1.290999;0.7115253
2792783187;40.76677;-73.96925;-1.291007;0.7115144
2792787010;40.76858;-73.96987;-1.291018;0.711546
2792787011;40.76865;-73.96788;-1.290983;0.7115471
2792787012;40.76928;-73.96727;-1.290972;0.7115581
2792787013;40.76871;-73.96978;-1.291016;0.7115483
2792787014;40.76796;-73.97033;-1.291026;0.7115351
2792787015;40.76855;-73.96765;-1.290979;0.7115453
2792787016;40.76865;-73.96772;-1.29098;0.7115471
2792787017;40.76804;-73.96816;-1.290988;0.7115365
2792787018;40.76855;-73.9678;-1.290982;0.7115453
2792787019;40.76928;-73.96742;-1.290975;0.7115581
2792787020;40.7686;-73.96972;-1.291015;0.7115463
2792787021;40.76802;-73.96834;-1.290991;0.7115361
2792787022;40.76798;-73.97018;-1.291023;0.7115355
2792787023;40.76791;-73.96825;-1.29099;0.7115343
2792787024;40.76918;-73.9672;-1.290971;0.7115565
2792787025;40.76809;-73.97023;-1.291024;0.7115375
2792787026;40.76917;-73.96735;-1.290974;0.7115563
2792787027;40.76793;-73.96811;-1.290987;0.7115345
2870679581;40.7565;-73.95335;-1.29073;0.7113352
2902396742;40.7602;-73.96313;-1.2909;0.7113996
2902396743;40.76031;-73.96309;-1.290899;0.7114017
2956903784;40.76546;-73.99557;-1.291466;0.7114915
2957303781;40.76698;-73.9864;-1.291306;0.7115179
2969871935;40.76242;-73.98836;-1.29134;0.7114385
2974462027;40.77125;-73.98594;-1.291298;0.7115926
3114739428;40.76775;-73.98151;-1.291221;0.7115314
3116856947;40.76749;-73.96127;-1.290868;0.711527
3248816568;40.7714;-73.97719;-1.291146;0.7115951
3248816695;40.77277;-73.97254;-1.291064;0.7116191
3262539785;40.77132;-73.98324;-1.291251;0.7115938
3262539786;40.77138;-73.98339;-1.291254;0.7115948
3262539787;40.77142;-73.98341;-1.291254;0.7115956
3262539788;40.7719;-73.98318;-1.29125;0.7116039
3262539789;40.77239;-73.98282;-1.291244;0.7116124
3278932290;40.77237;-73.9671;-1.290969;0.7116122
3278932315;40.76791;-73.9642;-1.290919;0.7115343
3278932316;40.7678;-73.96412;-1.290917;0.7115324
3278932317;40.76795;-73.96401;-1.290915;0.7115349
3278932318;40.76782;-73.96397;-1.290915;0.7115327
3278932320;40.76735;-73.96481;-1.29093;0.7115245
3278932321;40.76827;-73.96312;-1.2909;0.7115406
3278932322;40.76819;-73.96311;-1.2909;0.7115392
3278932323;40.76813;-73.96309;-1.290899;0.7115381
3278932324;40.76807;-73.96303;-1.290898;0.711537
3278932325;40.76801;-73.96292;-1.290897;0.7115359
3278932326;40.76796;-73.96278;-1.290894;0.7115351
3278932327;40.76796;-73.96267;-1.290892;0.7115351
3278932328;40.76799;-73.96256;-1.29089;0.7115356
3278932329;40.76801;-73.96248;-1.290889;0.7115359
3308681104;40.76365;-73.98157;-1.291222;0.7114599
3308681105;40.76377;-73.98185;-1.291227;0.711462
3308681106;40.76384;-73.98201;-1.29123;0.7114632
3308681107;40.76398;-73.98235;-1.291236;0.7114657
3308681108;40.76409;-73.9826;-1.29124;0.7114676
3308681109;40.76474;-73.98413;-1.291267;0.7114789
3308681110;40.76486;-73.98441;-1.291272;0.711481
3308681111;40.76498;-73.98471;-1.291277;0.7114832
3308681112;40.76595;-73.98701;-1.291317;0.7115
3308681113;40.76605;-73.98726;-1.291321;0.7115018
3308681114;40.76713;-73.98984;-1.291366;0.7115207
3308681115;40.76724;-73.9901;-1.291371;0.7115226
3308681116;40.76833;-73.99265;-1.291415;0.7115417
3341912574;40.77759;-73.95923;-1.290832;0.7117032
3341912576;40.77748;-73.95898;-1.290828;0.7117014
3341917064;40.77822;-73.96074;-1.290858;0.7117142
3341917067;40.77769;-73.96112;-1.290865;0.711705
3342322003;40.7602;-73.9595;-1.290837;0.7113998
3369517464;40.76717;-73.9817;-1.291224;0.7115213
3369517472;40.7675;-73.98167;-1.291224;0.7115271
3369517474;40.76674;-73.98177;-1.291226;0.7115138
3369517480;40.76706;-73.98172;-1.291225;0.7115194
3371135637;40.77181;-73.98456;-1.291274;0.7116023
3371135638;40.77176;-73.98444;-1.291272;0.7116015
3371304370;40.77197;-73.98743;-1.291324;0.7116052
3371304371;40.77233;-73.98717;-1.29132;0.7116114
3371304372;40.77295;-73.98865;-1.291345;0.7116221
3371304373;40.77259;-73.98891;-1.29135;0.711616
3377383055;40.77658;-73.98311;-1.291249;0.7116857
3377383057;40.77673;-73.983;-1.291247;0.7116883
3377460323;40.77385;-73.97606;-1.291126;0.7116379
3377460331;40.77275;-73.97662;-1.291136;0.7116188
3377460350;40.76989;-73.97952;-1.291186;0.7115688
3377460351;40.77013;-73.97928;-1.291182;0.7115731
3377460352;40.77066;-73.97867;-1.291171;0.7115822
3377460386;40.77058;-73.96839;-1.290992;0.7115809
3377461230;40.77083;-73.97081;-1.291034;0.7115853
3377461259;40.76506;-73.97324;-1.291077;0.7114844
3377461261;40.76453;-73.97352;-1.291081;0.7114753
3377461262;40.76437;-73.97313;-1.291075;0.7114725
3377461282;40.76528;-73.97307;-1.291074;0.7114884
3382948109;40.76763;-73.9535;-1.290732;0.7115294
3382948110;40.76882;-73.95632;-1.290781;0.7115501
3382948111;40.76957;-73.9581;-1.290812;0.7115632
3382948112;40.77053;-73.96038;-1.290852;0.71158
3382948113;40.77132;-73.96224;-1.290885;0.7115939
3382948114;40.77192;-73.96366;-1.290909;0.7116043
3382948115;40.772;-73.96384;-1.290913;0.7116055
3382963008;40.76515;-73.95959;-1.290838;0.711486
3382963009;40.76577;-73.95911;-1.29083;0.7114968
3383400749;40.76284;-73.98161;-1.291223;0.7114457
3391966026;40.77287;-73.97658;-1.291135;0.7116208
3391966039;40.76945;-73.97247;-1.291063;0.7115611
3392519839;40.77833;-73.96066;-1.290857;0.7117161
3392519848;40.77758;-73.9612;-1.290866;0.7117031
3463810248;40.7653;-73.98762;-1.291327;0.7114888
3463810249;40.76543;-73.98772;-1.291329;0.7114909
3463810250;40.76543;-73.98753;-1.291326;0.711491
3463810251;40.76593;-73.98717;-1.29132;0.7114996
3463810252;40.76606;-73.98708;-1.291318;0.7115019
3463813443;40.7628;-73.98945;-1.29136;0.711445
3463813444;40.76292;-73.98936;-1.291358;0.7114472
3463813445;40.76344;-73.98898;-1.291351;0.7114562
3463813446;40.76355;-73.9889;-1.29135;0.7114581
3463813447;40.76356;-73.98911;-1.291354;0.7114584
3463815147;40.76406;-73.98853;-1.291343;0.711467
3463815148;40.76418;-73.98864;-1.291345;0.7114691
3463815149;40.76419;-73.98843;-1.291342;0.7114693
3463815150;40.76468;-73.98808;-1.291336;0.7114779
3463815151;40.7648;-73.98818;-1.291337;0.7114801
3463815152;40.7648;-73.98798;-1.291334;0.7114801
3463816116;40.76468;-73.98224;-1.291234;0.7114778
3463816117;40.76469;-73.98209;-1.291231;0.711478
3463816118;40.76479;-73.98235;-1.291236;0.7114798
3463816119;40.76481;-73.98219;-1.291233;0.7114802
3463817008;40.76353;-73.98148;-1.29122;0.7114579
3463817009;40.76355;-73.98132;-1.291218;0.7114581
3463817010;40.76366;-73.98138;-1.291219;0.7114601
3463817011;40.76417;-73.98087;-1.29121;0.7114689
3463817012;40.76417;-73.98102;-1.291212;0.711469
3463817013;40.76428;-73.98112;-1.291214;0.7114709
3463817014;40.76428;-73.98094;-1.291211;0.711471
3519874711;40.78832;-73.94704;-1.290619;0.7118905
3519874741;40.7897;-73.94604;-1.290602;0.7119145
3519874747;40.79002;-73.94581;-1.290598;0.7119202
3519966021;40.78642;-73.94844;-1.290644;0.7118573
3562587893;40.77047;-73.96232;-1.290886;0.711579
3562587894;40.77037;-73.96208;-1.290882;0.7115772
3562587895;40.77052;-73.96214;-1.290883;0.7115798
3562587896;40.77033;-73.96227;-1.290885;0.7115765
3562587897;40.76984;-73.96053;-1.290855;0.711568
3562587898;40.76981;-73.96075;-1.290859;0.7115674
3562587899;40.76966;-73.96067;-1.290857;0.7115648
3562587900;40.76969;-73.96046;-1.290854;0.7115653
3562587901;40.76887;-73.95853;-1.29082;0.711551
3562587904;40.76874;-73.95821;-1.290814;0.7115487
3562587905;40.76786;-73.95615;-1.290778;0.7115335
3562587906;40.76775;-73.95586;-1.290773;0.7115314
3567774320;40.76041;-73.96207;-1.290882;0.7114034
3567774321;40.76049;-73.96217;-1.290883;0.7114047
3567774322;40.76061;-73.96249;-1.290889;0.7114069
3567774323;40.76067;-73.96285;-1.290895;0.7114079
3567774324;40.76073;-73.96281;-1.290895;0.7114089
3573482142;40.75909;-73.98627;-1.291304;0.7113802
3573482144;40.76025;-73.98902;-1.291352;0.7114006
3573482145;40.76026;-73.98905;-1.291353;0.7114007
3632340936;40.7601;-73.9631;-1.2909;0.7113979
3690549743;40.77424;-73.98482;-1.291279;0.7116448
3690549744;40.77295;-73.98196;-1.291229;0.7116223
3785578845;40.76038;-73.95797;-1.29081;0.7114029
3785582162;40.76061;-73.96284;-1.290895;0.7114068
3785582163;40.76064;-73.9629;-1.290896;0.7114074
3785582164;40.76075;-73.96293;-1.290897;0.7114093
3785582165;40.76072;-73.96293;-1.290897;0.7114089
3785582167;40.76068;-73.96291;-1.290896;0.7114081
3785582168;40.7608;-73.96291;-1.290896;0.7114102
3785585950;40.76085;-73.96335;-1.290904;0.711411
3785585951;40.76081;-73.96329;-1.290903;0.7114104
3785585952;40.76101;-73.96397;-1.290915;0.7114138
3785585953;40.76101;-73.964;-1.290915;0.7114138
3785585954;40.76101;-73.96404;-1.290916;0.7114137
3785586743;40.75992;-73.96464;-1.290926;0.7113948
3785586748;40.76001;-73.96376;-1.290911;0.7113965
3785586749;40.75977;-73.96391;-1.290914;0.7113922
3785586750;40.75986;-73.96444;-1.290923;0.7113938
3785586751;40.75973;-73.96412;-1.290917;0.7113915
3785586752;40.75972;-73.9641;-1.290917;0.7113914
3785586753;40.75972;-73.96407;-1.290917;0.7113914
3785586754;40.75972;-73.96404;-1.290916;0.7113914
3785586755;40.75974;-73.96402;-1.290916;0.7113916
3785586756;40.75975;-73.964;-1.290915;0.7113918
3785591369;40.761;-73.96389;-1.290913;0.7114136
3785591370;40.76059;-73.96317;-1.290901;0.7114065
3785591371;40.76062;-73.96329;-1.290903;0.7114071
3785591372;40.76064;-73.96336;-1.290904;0.7114074
3785591373;40.76068;-73.96365;-1.290909;0.711408
3785591374;40.76068;-73.96375;-1.290911;0.7114081
3785591375;40.76069;-73.96385;-1.290913;0.7114083
3785591376;40.7607;-73.96399;-1.290915;0.7114085
3785591377;40.76073;-73.96405;-1.290916;0.7114089
3785591378;40.76077;-73.9641;-1.290917;0.7114096
3785591379;40.76081;-73.96413;-1.290918;0.7114104
3785591380;40.76084;-73.96413;-1.290918;0.7114109
3785591381;40.76087;-73.96413;-1.290918;0.7114114
3785591384;40.76069;-73.96452;-1.290924;0.7114082
3785591386;40.76067;-73.96449;-1.290924;0.711408
3785591387;40.76065;-73.96445;-1.290923;0.7114076
3785591388;40.76064;-73.96441;-1.290923;0.7114074
3785591390;40.76064;-73.96427;-1.29092;0.7114074
3785591394;40.76059;-73.9643;-1.290921;0.7114066
3785591395;40.76057;-73.96426;-1.29092;0.7114062
3785591397;40.76014;-73.9631;-1.2909;0.7113987
3785591398;40.76018;-73.96313;-1.2909;0.7113994
3785591399;40.76021;-73.96314;-1.2909;0.7113999
3785591400;40.76026;-73.96313;-1.2909;0.7114007
3785591401;40.7603;-73.96311;-1.2909;0.7114015
3785591402;40.76033;-73.96306;-1.290899;0.7114019
3785591403;40.76035;-73.96299;-1.290898;0.7114022
3785591404;40.76035;-73.9629;-1.290896;0.7114024
3785591405;40.76035;-73.96283;-1.290895;0.7114022
3785591406;40.76034;-73.96278;-1.290894;0.7114021
3785591407;40.76032;-73.96272;-1.290893;0.7114018
3785591408;40.7603;-73.96267;-1.290892;0.7114015
3785591409;40.76029;-73.96262;-1.290891;0.7114012
3785591410;40.7604;-73.9635;-1.290907;0.7114033
3785591411;40.76043;-73.96348;-1.290906;0.7114037
3785591412;40.76047;-73.96342;-1.290905;0.7114044
3785591413;40.76048;-73.96339;-1.290905;0.7114046
3785591414;40.7605;-73.96331;-1.290903;0.7114049
3785591415;40.76049;-73.96321;-1.290902;0.7114048
3785591416;40.76048;-73.96317;-1.290901;0.7114046
3785591417;40.76047;-73.96312;-1.2909;0.7114044
3785591418;40.75983;-73.96164;-1.290874;0.7113932
3785591419;40.75978;-73.96151;-1.290872;0.7113924
3785591420;40.75974;-73.96138;-1.29087;0.7113917
3785591421;40.75953;-73.96073;-1.290858;0.711388
3785591422;40.75958;-73.96086;-1.290861;0.7113888
3785591423;40.75959;-73.96066;-1.290857;0.711389
3785591424;40.75964;-73.96075;-1.290859;0.7113898
3785591425;40.75975;-73.96096;-1.290862;0.7113919
3785591426;40.75997;-73.96134;-1.290869;0.7113957
3785591427;40.76001;-73.96143;-1.29087;0.7113965
3785591428;40.76005;-73.9615;-1.290872;0.7113971
3785591429;40.76043;-73.96236;-1.290887;0.7114036
3785591430;40.76046;-73.96244;-1.290888;0.7114043
3785591431;40.76053;-73.96253;-1.29089;0.7114055
3785591432;40.76057;-73.96257;-1.29089;0.7114061
3785591433;40.76065;-73.96264;-1.290892;0.7114075
3785591434;40.76075;-73.96269;-1.290892;0.7114093
3785591435;40.76085;-73.96272;-1.290893;0.7114109
3785591436;40.76089;-73.96272;-1.290893;0.7114118
3785591437;40.76099;-73.96272;-1.290893;0.7114135
3785591438;40.76104;-73.96272;-1.290893;0.7114143
3785591439;40.76114;-73.96268;-1.290892;0.711416
3785591440;40.76107;-73.9627;-1.290893;0.7114149
3785591441;40.76118;-73.96265;-1.290892;0.7114167
3785591443;40.76065;-73.96261;-1.290891;0.7114076
3785591444;40.7607;-73.96287;-1.290896;0.7114084
3785591446;40.76065;-73.96283;-1.290895;0.7114075
3785591447;40.76064;-73.96281;-1.290895;0.7114073
3785591448;40.76062;-73.96277;-1.290894;0.7114069
3785591449;40.75977;-73.96082;-1.29086;0.7113922
3785607857;40.75976;-73.96398;-1.290915;0.711392
3785607858;40.75977;-73.96397;-1.290915;0.7113922
3785607859;40.75978;-73.96396;-1.290915;0.7113924
3785612258;40.76023;-73.96748;-1.290976;0.7114003
3809536789;40.77235;-73.97878;-1.291173;0.7116118
3809536790;40.77236;-73.97861;-1.29117;0.711612
3874596369;40.76592;-73.98695;-1.291316;0.7114996
3874681649;40.76544;-73.99748;-1.2915;0.7114911
3874681652;40.7667;-73.99656;-1.291484;0.7115131
3874681655;40.76792;-73.99567;-1.291468;0.7115344
3874682460;40.76982;-73.99426;-1.291443;0.7115677
3887931460;40.76748;-73.97819;-1.291163;0.7115268
3887931462;40.76503;-73.97246;-1.291063;0.7114839
3887931468;40.76935;-73.97987;-1.291192;0.7115594
3887931471;40.76757;-73.97838;-1.291166;0.7115282
3898029174;40.76836;-73.97576;-1.291121;0.7115421
3898029175;40.76864;-73.97558;-1.291117;0.711547
3932923796;40.76121;-73.98158;-1.291222;0.7114173
3932923797;40.76505;-73.9789;-1.291175;0.7114843
3932923799;40.76189;-73.98129;-1.291217;0.7114292
3932923800;40.76374;-73.97984;-1.291192;0.7114615
3932923801;40.76243;-73.98064;-1.291206;0.7114387
3932923803;40.76316;-73.9804;-1.291202;0.7114514
3932923804;40.76441;-73.97951;-1.291186;0.7114732
3944708054;40.75733;-73.9823;-1.291235;0.7113496
3944708059;40.75746;-73.9822;-1.291233;0.7113519
3944770806;40.76017;-73.96178;-1.290877;0.7113992
3944770822;40.75996;-73.96194;-1.290879;0.7113955
3956129963;40.77197;-73.9874;-1.291324;0.711605
3956129965;40.77262;-73.98897;-1.291351;0.7116165
3971196607;40.75822;-73.98165;-1.291223;0.7113651
3971196618;40.75859;-73.98138;-1.291219;0.7113715
3971196622;40.75922;-73.98092;-1.291211;0.7113827
3971196623;40.75934;-73.98103;-1.291213;0.7113847
3971196624;40.75981;-73.98215;-1.291232;0.7113929
3971196625;40.75985;-73.98047;-1.291203;0.7113935
3971196627;40.75996;-73.98055;-1.291204;0.7113956
3971196628;40.7601;-73.98028;-1.291199;0.7113979
3971196629;40.76049;-73.9818;-1.291226;0.7114047
3971196631;40.76086;-73.98077;-1.291208;0.7114113
3971196633;40.76158;-73.98055;-1.291204;0.7114238
3971196635;40.7622;-73.98008;-1.291196;0.7114346
3971302309;40.76172;-73.97894;-1.291176;0.7114262
3971302310;40.76183;-73.9792;-1.291181;0.7114281
3971302311;40.76185;-73.979;-1.291177;0.7114285
3971302312;40.76234;-73.97848;-1.291168;0.7114371
3971302313;40.76245;-73.97873;-1.291172;0.711439
3971302314;40.76297;-73.97802;-1.29116;0.711448
3971302315;40.76308;-73.97828;-1.291165;0.71145
3974095842;40.76109;-73.97939;-1.291184;0.7114152
3974095843;40.76109;-73.97955;-1.291187;0.7114152
3974095844;40.76122;-73.97946;-1.291185;0.7114174
3974095846;40.76195;-73.98528;-1.291287;0.7114302
3974095847;40.76246;-73.97855;-1.291169;0.7114392
3974095849;40.76257;-73.98483;-1.291279;0.711441
3974096359;40.7629;-73.97978;-1.291191;0.7114468
3974096366;40.76352;-73.97933;-1.291183;0.7114577
3976005755;40.76073;-73.97854;-1.291169;0.711409
3976008162;40.76136;-73.97807;-1.291161;0.7114199
3976008169;40.76168;-73.97912;-1.291179;0.7114256
3976008170;40.76344;-73.97295;-1.291072;0.7114562
3976008171;40.76358;-73.97352;-1.291081;0.7114587
3976008172;40.76361;-73.97335;-1.291079;0.7114592
3976008173;40.76372;-73.9736;-1.291083;0.7114611
3976008174;40.76373;-73.97342;-1.29108;0.7114612
3976008175;40.76406;-73.97249;-1.291063;0.711467
3976008176;40.76421;-73.97307;-1.291074;0.7114697
3976008177;40.76423;-73.9729;-1.291071;0.71147
3976008178;40.76437;-73.97295;-1.291072;0.7114724
3977886195;40.75709;-73.97392;-1.291088;0.7113454
3977886199;40.7572;-73.97383;-1.291087;0.7113473
3977886226;40.7586;-73.97715;-1.291145;0.7113718
3977886227;40.75896;-73.97255;-1.291065;0.7113782
3977886228;40.75905;-73.97276;-1.291068;0.7113796
3977886231;40.75908;-73.97247;-1.291063;0.7113802
3977886232;40.75911;-73.97678;-1.291138;0.7113807
3977886235;40.75917;-73.97267;-1.291067;0.7113817
3977886237;40.75922;-73.97688;-1.29114;0.7113826
3977886238;40.75923;-73.9767;-1.291137;0.7113828
3977886240;40.75973;-73.97633;-1.29113;0.7113915
3977886242;40.75981;-73.97417;-1.291093;0.7113928
3977886243;40.75984;-73.97642;-1.291132;0.7113934
3977886244;40.75986;-73.97623;-1.291129;0.7113937
3977886246;40.76031;-73.9738;-1.291086;0.7114016
3977886247;40.76036;-73.97587;-1.291122;0.7114025
3977886248;40.76037;-73.97571;-1.29112;0.7114027
3977886249;40.76043;-73.97372;-1.291085;0.7114036
3977886250;40.76047;-73.97595;-1.291124;0.7114044
3977886251;40.76048;-73.97578;-1.291121;0.7114046
3977886253;40.76093;-73.97335;-1.291079;0.7114125
3977886254;40.76098;-73.97541;-1.291114;0.7114133
3977886255;40.76099;-73.97526;-1.291112;0.7114135
3977886256;40.76103;-73.98329;-1.291252;0.7114142
3977886857;40.76105;-73.97326;-1.291077;0.7114146
3977886858;40.76109;-73.9755;-1.291116;0.7114153
3977886859;40.76111;-73.97532;-1.291113;0.7114155
3977886860;40.76115;-73.98321;-1.291251;0.7114163
3977886861;40.76167;-73.98284;-1.291244;0.7114252
3977886862;40.7618;-73.98275;-1.291243;0.7114275
3977886863;40.762;-73.98367;-1.291259;0.7114312
3977886864;40.76202;-73.98352;-1.291256;0.7114314
3977886865;40.76212;-73.98376;-1.29126;0.7114332
3977886866;40.76213;-73.98358;-1.291257;0.7114335
3977886867;40.76229;-73.98239;-1.291236;0.7114362
3977886868;40.76234;-73.97864;-1.291171;0.7114371
3977886869;40.76239;-73.98249;-1.291238;0.7114379
3977886870;40.76241;-73.98231;-1.291235;0.7114382
3977886871;40.76265;-73.98325;-1.291251;0.7114425
3977886872;40.76265;-73.98311;-1.291249;0.7114425
3977886873;40.76275;-73.98335;-1.291253;0.7114443
3977886874;40.76278;-73.98317;-1.29125;0.7114447
3977886875;40.76292;-73.98178;-1.291226;0.7114471
3977886876;40.76292;-73.98193;-1.291228;0.7114471
3977886877;40.76302;-73.98203;-1.29123;0.7114489
3977886878;40.76303;-73.98185;-1.291227;0.7114491
3998699924;40.76777;-73.98937;-1.291358;0.7115318
3998699925;40.76776;-73.98955;-1.291361;0.7115316
3998699926;40.76788;-73.98963;-1.291363;0.7115337
3998699927;40.76788;-73.98946;-1.29136;0.7115338
3998699928;40.76839;-73.98892;-1.29135;0.7115427
3998699929;40.76838;-73.98909;-1.291353;0.7115425
3998699930;40.7685;-73.98918;-1.291355;0.7115446
3998699931;40.76851;-73.98901;-1.291352;0.7115446
3998699935;40.76902;-73.98863;-1.291345;0.7115537
3998699936;40.76906;-73.98843;-1.291342;0.7115543
3998699937;40.76917;-73.98869;-1.291346;0.7115563
3998699938;40.76922;-73.98849;-1.291343;0.7115571
3998699939;40.76972;-73.98796;-1.291334;0.7115658
3998699940;40.76974;-73.98811;-1.291336;0.7115662
3998699941;40.76982;-73.98821;-1.291338;0.7115677
3998699942;40.76986;-73.98801;-1.291335;0.7115684
4016646232;40.76143;-73.9793;-1.291182;0.7114212
4016646235;40.76197;-73.97953;-1.291186;0.7114306
4081416473;40.77229;-73.98624;-1.291304;0.7116107
4199091722;40.76063;-73.96248;-1.290889;0.7114072
4199098159;40.76077;-73.9631;-1.2909;0.7114096
4199108057;40.76073;-73.96284;-1.290895;0.7114089
4199108058;40.76069;-73.963;-1.290898;0.7114082
4202960389;40.75952;-73.95977;-1.290841;0.7113879
4207313503;40.76691;-73.95388;-1.290739;0.7115169
4207313524;40.77095;-73.96375;-1.290911;0.7115873
4207313526;40.77102;-73.96362;-1.290909;0.7115886
4207313527;40.77105;-73.96399;-1.290915;0.711589
4207313528;40.77105;-73.96175;-1.290876;0.7115891
4207313532;40.77115;-73.96361;-1.290908;0.7115908
4207313533;40.77119;-73.96404;-1.290916;0.7115916
4207313534;40.77125;-73.96384;-1.290913;0.7115925
4207313537;40.77169;-73.9655;-1.290941;0.7116003
4207313538;40.77174;-73.96532;-1.290938;0.7116011
4207313540;40.77183;-73.96555;-1.290942;0.7116027
4207313542;40.77188;-73.96536;-1.290939;0.7116036
4207815979;40.76401;-73.98486;-1.291279;0.7114661
4207815980;40.76457;-73.98444;-1.291272;0.711476
4207815981;40.76516;-73.98401;-1.291265;0.7114862
4207815982;40.76714;-73.98258;-1.29124;0.7115207
4207837422;40.76497;-73.98787;-1.291332;0.7114829
4207837423;40.76558;-73.98742;-1.291324;0.7114937
4207837424;40.76629;-73.98691;-1.291315;0.711506
4207837425;40.76687;-73.98648;-1.291308;0.7115161
4207837426;40.76754;-73.98599;-1.291299;0.7115279
4207837427;40.76827;-73.98546;-1.29129;0.7115405
4207837428;40.76893;-73.98498;-1.291281;0.7115521
4207881093;40.77022;-73.98035;-1.291201;0.7115746
4207892895;40.76591;-73.97678;-1.291138;0.7114994
4207892896;40.76604;-73.9771;-1.291144;0.7115017
4207892897;40.7671;-73.9796;-1.291188;0.7115201
4207903863;40.77229;-73.96662;-1.290961;0.7116106
4207938835;40.76162;-73.97867;-1.291171;0.7114244
4207938836;40.76281;-73.98154;-1.291221;0.7114453
4207952793;40.76075;-73.97348;-1.291081;0.7114093
4207952794;40.76202;-73.97255;-1.291065;0.7114315
4207957614;40.76127;-73.99056;-1.291379;0.7114183
4207957615;40.76148;-73.98669;-1.291311;0.711422
4207978589;40.76128;-73.98369;-1.291259;0.7114184
4215905389;40.76137;-73.97303;-1.291073;0.7114201
4215909068;40.75914;-73.96488;-1.290931;0.7113811
4215909069;40.75982;-73.96243;-1.290888;0.7113931
4215913814;40.77005;-73.99078;-1.291383;0.7115717
4215940674;40.76631;-73.95709;-1.290795;0.7115063
4257351383;40.77124;-73.97345;-1.29108;0.7115924
4257351399;40.7718;-73.97319;-1.291076;0.7116022
4257351414;40.77212;-73.97294;-1.291071;0.7116078
4257351430;40.77264;-73.9726;-1.291065;0.7116168
4257351460;40.77338;-73.9726;-1.291065;0.7116297
4257949169;40.76952;-73.97224;-1.291059;0.7115624
4263273698;40.76643;-73.97259;-1.291065;0.7115085
4263273701;40.76655;-73.97266;-1.291067;0.7115105
4263273848;40.76909;-73.97283;-1.29107;0.7115549
4263273851;40.76912;-73.97282;-1.291069;0.7115553
4263273874;40.7692;-73.9752;-1.291111;0.7115569
4263273985;40.76985;-73.97439;-1.291097;0.7115681
4263273990;40.76989;-73.97363;-1.291083;0.7115689
4263273991;40.76991;-73.97373;-1.291085;0.7115692
4288677093;40.76155;-73.96658;-1.29096;0.7114233
4322008112;40.76401;-73.98241;-1.291237;0.7114662
4322008114;40.76267;-73.98316;-1.29125;0.7114428
4322008115;40.76204;-73.98356;-1.291257;0.7114317
4322008116;40.76141;-73.984;-1.291264;0.7114208
4322008117;40.76076;-73.98441;-1.291272;0.7114095
4322008118;40.76009;-73.98476;-1.291278;0.7113977
4332562555;40.77213;-73.97691;-1.291141;0.7116078
4332562558;40.77258;-73.97668;-1.291137;0.7116157
4332562575;40.77249;-73.97671;-1.291137;0.7116142
4332562577;40.77313;-73.97646;-1.291133;0.7116254
4332563030;40.77172;-73.97723;-1.291146;0.7116008
4332563032;40.77137;-73.97764;-1.291153;0.7115946
4332563033;40.77236;-73.97677;-1.291138;0.7116119
4332676966;40.7672;-73.97723;-1.291146;0.7115218
4332677089;40.76908;-73.97999;-1.291194;0.7115547
4332677091;40.76728;-73.97766;-1.291154;0.7115234
4332677109;40.76816;-73.97936;-1.291183;0.7115386
4332679976;40.76828;-73.97581;-1.291121;0.7115408
4332679981;40.76726;-73.97656;-1.291135;0.7115229
4332700775;40.76995;-73.9714;-1.291044;0.7115698
4332700788;40.77;-73.97135;-1.291044;0.7115707
4332700892;40.7712;-73.97031;-1.291026;0.7115917
4332700906;40.77034;-73.97112;-1.291039;0.7115768
4332700919;40.76986;-73.97151;-1.291046;0.7115684
4332700922;40.77018;-73.97122;-1.291041;0.7115738
4332700926;40.76972;-73.97174;-1.29105;0.7115658
4347534767;40.76458;-73.97363;-1.291083;0.7114761
4347534768;40.76513;-73.97306;-1.291073;0.7114857
4347534770;40.76464;-73.97358;-1.291083;0.7114772
4347534771;40.76498;-73.97267;-1.291067;0.7114831
4347534774;40.76402;-73.97405;-1.291091;0.7114663
4347534775;40.76511;-73.97298;-1.291072;0.7114854
4347534776;40.76448;-73.9737;-1.291085;0.7114744
4347534777;40.76398;-73.97423;-1.291094;0.7114658
4347534778;40.76507;-73.97323;-1.291076;0.7114847
4347534780;40.76464;-73.97376;-1.291086;0.7114772
4347534783;40.7649;-73.97255;-1.291065;0.7114817
4347534784;40.76485;-73.97244;-1.291063;0.7114809
4347535691;40.76519;-73.97308;-1.291074;0.7114869
4347535692;40.76499;-73.97249;-1.291063;0.7114832
4347535693;40.7651;-73.97316;-1.291075;0.7114852
4347535696;40.76483;-73.9726;-1.291065;0.7114806
4347550047;40.767;-73.97899;-1.291177;0.7115183
4347550054;40.76858;-73.98152;-1.291221;0.711546
4347550065;40.76826;-73.98149;-1.291221;0.7115403
4347550071;40.76803;-73.98141;-1.291219;0.7115364
4347550074;40.7677;-73.98102;-1.291212;0.7115306
4347733129;40.76782;-73.98228;-1.291234;0.7115327
4491377963;40.7718;-73.98289;-1.291245;0.7116022
4491377964;40.77228;-73.98254;-1.291239;0.7116105
4491377965;40.77209;-73.98206;-1.29123;0.7116073
4544455459;40.76471;-73.98215;-1.291232;0.7114785
4544455460;40.76543;-73.98193;-1.291228;0.7114909
4544455461;40.76708;-73.98163;-1.291223;0.7115198
4544486779;40.76211;-73.97829;-1.291165;0.711433
4544486780;40.76223;-73.9782;-1.291163;0.7114351
4544486781;40.76435;-73.97935;-1.291183;0.7114721
4544486782;40.76446;-73.97962;-1.291188;0.7114741
4544486783;40.76469;-73.97946;-1.291185;0.711478
4546109658;40.76481;-73.98292;-1.291245;0.7114801
4546109662;40.76498;-73.9828;-1.291243;0.7114831
4546351674;40.76641;-73.98428;-1.291269;0.7115081
4546351675;40.76664;-73.98482;-1.291279;0.711512
4546351677;40.76695;-73.9838;-1.291261;0.7115176
4546351682;40.76707;-73.98372;-1.29126;0.7115196
4546351685;40.7671;-73.98378;-1.291261;0.7115201
4546351686;40.76728;-73.98422;-1.291268;0.7115234
4549080330;40.7597;-73.97801;-1.29116;0.711391
4557482266;40.76774;-73.98162;-1.291223;0.7115313
4578044147;40.75861;-73.98514;-1.291284;0.7113719
4578044150;40.75876;-73.9855;-1.291291;0.7113745
4600226466;40.77783;-73.98221;-1.291233;0.7117074
4633498241;40.76088;-73.96339;-1.290905;0.7114116
4633498242;40.76116;-73.96384;-1.290913;0.7114165
4637270099;40.76981;-73.98426;-1.291269;0.7115675
4637270100;40.77045;-73.98378;-1.291261;0.7115785
4637270101;40.77105;-73.98332;-1.291253;0.7115891
4637270102;40.7717;-73.98288;-1.291245;0.7116004
4716936968;40.76247;-73.96592;-1.290949;0.7114394
4716936969;40.76226;-73.96606;-1.290951;0.7114356
4716936970;40.76147;-73.96665;-1.290962;0.7114218
4716936971;40.76163;-73.96651;-1.290959;0.7114246
4716936972;40.76226;-73.96627;-1.290955;0.7114357
4716936973;40.76212;-73.96597;-1.29095;0.7114332
4782363329;40.76118;-73.98345;-1.291255;0.7114167
4782363331;40.76052;-73.98386;-1.291262;0.7114053
4782363332;40.7604;-73.98354;-1.291256;0.7114031
4782363334;40.76079;-73.98347;-1.291255;0.71141
4782363335;40.76061;-73.98405;-1.291265;0.7114068
4782404423;40.76218;-73.98583;-1.291296;0.7114342
4782404425;40.76361;-73.98923;-1.291356;0.7114592
4782404427;40.7646;-73.99158;-1.291397;0.7114766
4782404429;40.76599;-73.99488;-1.291454;0.7115007
4782404430;40.76661;-73.99635;-1.29148;0.7115116
4782506031;40.75948;-73.98135;-1.291218;0.711387
4782543124;40.76593;-73.9967;-1.291486;0.7114998
4782543125;40.76545;-73.99555;-1.291466;0.7114913
4782543127;40.76423;-73.99265;-1.291415;0.71147
4782543129;40.76278;-73.9892;-1.291355;0.7114446
4782543132;40.76185;-73.987;-1.291317;0.7114285
4784141035;40.76387;-73.98123;-1.291216;0.7114638
4784141037;40.76371;-73.98135;-1.291218;0.7114609
4784141039;40.76273;-73.98207;-1.291231;0.7114438
4784141040;40.76245;-73.98228;-1.291234;0.7114389
4784141042;40.76229;-73.98225;-1.291234;0.7114361
4794775922;40.76599;-73.9797;-1.291189;0.7115007
4794775932;40.76564;-73.98032;-1.2912;0.7114946
4794775935;40.76571;-73.98048;-1.291203;0.7114958
4794775937;40.76516;-73.98029;-1.2912;0.7114863
4794775939;40.76495;-73.98045;-1.291202;0.7114826
4796245033;40.76575;-73.97642;-1.291132;0.7114967
4796245036;40.76588;-73.97672;-1.291137;0.7114989
4796245038;40.76628;-73.97766;-1.291154;0.7115058
4796291637;40.76281;-73.96756;-1.290977;0.7114453
4796291639;40.76367;-73.96966;-1.291014;0.7114603
4796291640;40.76408;-73.97106;-1.291039;0.7114673
4796291642;40.76374;-73.9713;-1.291043;0.7114615
4796291645;40.76434;-73.97124;-1.291042;0.711472
4798293326;40.76112;-73.96363;-1.290909;0.7114158
4798293329;40.76151;-73.9637;-1.29091;0.7114226
4798293331;40.76141;-73.96432;-1.290921;0.7114209
4798293332;40.76258;-73.96584;-1.290948;0.7114412
4798293334;40.7627;-73.96575;-1.290946;0.7114433
4862610026;40.75963;-73.97009;-1.291022;0.7113898
4872429936;40.7673;-73.99613;-1.291476;0.7115237
4872429939;40.76607;-73.99701;-1.291491;0.7115021
4918486093;40.76207;-73.96001;-1.290846;0.7114323
4918486094;40.75996;-73.95893;-1.290827;0.7113956
4918486095;40.76205;-73.96017;-1.290849;0.711432
4918486100;40.76162;-73.96653;-1.290959;0.7114244
4918486102;40.76162;-73.96672;-1.290963;0.7114244
4918486104;40.7615;-73.96662;-1.290961;0.7114223
4918486106;40.76139;-73.96246;-1.290889;0.7114205
4918486108;40.76192;-73.96339;-1.290905;0.7114298
4918486110;40.76192;-73.96357;-1.290908;0.7114297
4918486113;40.76181;-73.96348;-1.290906;0.7114278
4918486117;40.76005;-73.96475;-1.290928;0.7113971
4918486119;40.75969;-73.96396;-1.290915;0.7113909
4918486750;40.75969;-73.96191;-1.290879;0.7113908
4918486772;40.76017;-73.96156;-1.290873;0.7113993
4918486774;40.76018;-73.96137;-1.290869;0.7113994
4918486775;40.7603;-73.96147;-1.290871;0.7114013
4918486778;40.76141;-73.96235;-1.290887;0.7114208
4918486783;40.7603;-73.96166;-1.290874;0.7114015
4918486789;40.76056;-73.96439;-1.290922;0.7114059
4918486791;40.76129;-73.96404;-1.290916;0.7114187
4918486793;40.7613;-73.96385;-1.290913;0.7114189
4918486801;40.76332;-73.95927;-1.290833;0.7114541
4918486811;40.76268;-73.95956;-1.290838;0.7114431
4918486813;40.7628;-73.95966;-1.29084;0.711445
4918486815;40.7628;-73.95984;-1.290843;0.711445
4918486817;40.76269;-73.95973;-1.290841;0.7114432
4918486923;40.76217;-73.96009;-1.290847;0.7114341
4918486925;40.76218;-73.96028;-1.29085;0.7114342
4918486931;40.76184;-73.95757;-1.290803;0.7114284
4918486938;40.76143;-73.96063;-1.290857;0.7114211
4918486942;40.76155;-73.96055;-1.290855;0.7114232
4918486944;40.76144;-73.96046;-1.290854;0.7114213
4918486946;40.76081;-73.96093;-1.290862;0.7114103
4918486948;40.7608;-73.96111;-1.290865;0.7114102
4918486950;40.76093;-73.9612;-1.290866;0.7114124
4918486952;40.76093;-73.96102;-1.290863;0.7114124
4918486963;40.76049;-73.95821;-1.290814;0.7114047
4918486967;40.7606;-73.95848;-1.290819;0.7114066
4918486968;40.76121;-73.95804;-1.290811;0.7114173
4942628130;40.76025;-73.96169;-1.290875;0.7114006
4942628131;40.76019;-73.96155;-1.290873;0.7113995
4942649692;40.76081;-73.9611;-1.290865;0.7114103
4942649697;40.76155;-73.96073;-1.290858;0.7114233
4960208254;40.76181;-73.96329;-1.290903;0.7114278
4960527241;40.76151;-73.97293;-1.291071;0.7114226
4960527243;40.76286;-73.97194;-1.291054;0.7114462
4960527245;40.76347;-73.97109;-1.291039;0.7114568
4960527247;40.76276;-73.96941;-1.29101;0.7114444
4960527249;40.76215;-73.96797;-1.290985;0.7114336
4960527251;40.76141;-73.96623;-1.290954;0.7114208
4960532293;40.76071;-73.96458;-1.290925;0.7114086
4970497089;40.79095;-73.94513;-1.290586;0.7119365
4970497090;40.79084;-73.94521;-1.290587;0.7119345
4970497092;40.79168;-73.9446;-1.290577;0.7119491
4970497094;40.79148;-73.94474;-1.290579;0.7119457
4980915577;40.78596;-73.94878;-1.29065;0.7118493
4980915579;40.78581;-73.94888;-1.290651;0.7118467
4980915580;40.78719;-73.94788;-1.290634;0.7118707
4980915583;40.78706;-73.94797;-1.290635;0.7118685
4983782407;40.7972;-73.94057;-1.290506;0.7120455
4983782410;40.79733;-73.94047;-1.290505;0.7120478
5115907023;40.77772;-73.98228;-1.291234;0.7117055
5115916411;40.77724;-73.98263;-1.29124;0.7116972
5115916420;40.77737;-73.98254;-1.291239;0.7116994
5117963654;40.77291;-73.98206;-1.291231;0.7116215
5117963656;40.77213;-73.98195;-1.291229;0.7116078
5117963660;40.77293;-73.9819;-1.291228;0.7116219
5117972559;40.77149;-73.98238;-1.291236;0.7115967
5117972560;40.77144;-73.98205;-1.29123;0.7115959
5117972561;40.7713;-73.98192;-1.291228;0.7115934
5117972562;40.77167;-73.98282;-1.291244;0.7115999
5117972569;40.77154;-73.98228;-1.291234;0.7115976
5118031092;40.77172;-73.98462;-1.291275;0.7116008
5118031093;40.77137;-73.98338;-1.291253;0.7115947
5118031096;40.77167;-73.98451;-1.291273;0.7115999
5118033532;40.77161;-73.98656;-1.291309;0.7115988
5119773922;40.76016;-73.9594;-1.290835;0.711399
5119773933;40.76023;-73.95957;-1.290838;0.7114003
5119773940;40.76086;-73.95911;-1.29083;0.7114113
5163382518;40.7611;-73.96381;-1.290912;0.7114155
5163382519;40.76107;-73.96378;-1.290912;0.7114149
5163382520;40.7612;-73.96387;-1.290913;0.7114171
5186208518;40.76023;-73.96341;-1.290905;0.7114002
5186208519;40.76033;-73.96366;-1.290909;0.7114019
5307237639;40.7687;-73.97177;-1.291051;0.7115481
5307237640;40.76881;-73.97195;-1.291054;0.7115499
5307237641;40.76855;-73.97134;-1.291044;0.7115455
5307237642;40.76822;-73.97068;-1.291032;0.7115396
5307237643;40.76812;-73.97048;-1.291028;0.7115379
5307237644;40.76873;-73.97003;-1.291021;0.7115486
5307238001;40.77058;-73.9758;-1.291121;0.7115809
5307238002;40.77179;-73.97795;-1.291159;0.711602
5307238003;40.77177;-73.97784;-1.291157;0.7116016
5307238004;40.77097;-73.97644;-1.291132;0.7115876
5307238005;40.76939;-73.97391;-1.291088;0.7115601
5307238006;40.7718;-73.97814;-1.291162;0.7116022
5307238007;40.76918;-73.9734;-1.291079;0.7115565
5357799203;40.7656;-73.98428;-1.291269;0.711494
5357799204;40.76551;-73.98434;-1.29127;0.7114924
5373593520;40.76339;-73.96458;-1.290926;0.7114553
5373594221;40.76322;-73.96471;-1.290928;0.7114524
5373598784;40.76693;-73.96164;-1.290874;0.7115172
5373598785;40.76686;-73.96169;-1.290875;0.7115159
5373626267;40.76742;-73.96132;-1.290869;0.7115257
5375679279;40.76457;-73.96017;-1.290848;0.711476
5375679280;40.7645;-73.96021;-1.290849;0.7114747
5402539614;40.7733;-73.96011;-1.290847;0.7116283
5402545375;40.77457;-73.95918;-1.290831;0.7116505
5402547521;40.77728;-73.95721;-1.290797;0.7116977
5402547522;40.7789;-73.95602;-1.290776;0.7117261
5402554392;40.76451;-73.97762;-1.291153;0.7114749
5475605296;40.76255;-73.96794;-1.290984;0.7114408
5475605297;40.76189;-73.96844;-1.290993;0.7114292
5475605301;40.76031;-73.97947;-1.291185;0.7114016
5475605302;40.76152;-73.98232;-1.291235;0.7114227
5481838621;40.76616;-73.99529;-1.291461;0.7115037
5481838629;40.76696;-73.99529;-1.291461;0.7115177
5481838999;40.76651;-73.99612;-1.291476;0.7115099
5481839004;40.76707;-73.99555;-1.291466;0.7115196
5481839792;40.76556;-73.99385;-1.291436;0.7114932
5481839858;40.76956;-73.99363;-1.291432;0.711563
5481875125;40.77078;-73.98401;-1.291265;0.7115844
5481875126;40.77069;-73.98408;-1.291266;0.7115827
5481875127;40.77036;-73.98435;-1.29127;0.7115771
5481875128;40.77064;-73.98414;-1.291267;0.7115819
5481877871;40.76931;-73.99109;-1.291388;0.7115586
5481880260;40.7692;-73.9928;-1.291418;0.7115569
5481881550;40.76424;-73.98727;-1.291321;0.7114703
5481881551;40.7642;-73.98718;-1.29132;0.7114695
5481881552;40.76408;-73.98727;-1.291321;0.7114675
5481881553;40.76412;-73.98736;-1.291323;0.7114682
5481881554;40.76438;-73.98717;-1.29132;0.7114726
5481882139;40.76371;-73.98752;-1.291326;0.7114609
5481883906;40.76329;-73.9874;-1.291324;0.7114536
5481883907;40.76357;-73.98721;-1.29132;0.7114586
5481883908;40.7632;-73.98744;-1.291324;0.7114519
5481883909;40.76304;-73.98724;-1.291321;0.7114493
5481883910;40.76313;-73.98748;-1.291325;0.7114509
5481883911;40.76307;-73.98732;-1.291322;0.7114497
5481883912;40.76287;-73.98746;-1.291325;0.7114462
5481885793;40.75919;-73.98652;-1.291308;0.7113822
5481886054;40.76066;-73.98918;-1.291355;0.7114077
5481886055;40.76049;-73.98907;-1.291353;0.7114047
5481886056;40.76056;-73.98925;-1.291356;0.7114061
5481886057;40.7604;-73.98936;-1.291358;0.7114031
5481907462;40.76331;-73.98011;-1.291196;0.7114539
5481907463;40.7631;-73.98025;-1.291199;0.7114503
5481998037;40.79272;-73.94383;-1.290563;0.7119672
5482216748;40.7883;-73.94707;-1.29062;0.71189
